300 100
923114 73133
338839 665221
937750 268965
449123 480087
932116 801235
123904 532579
330369 589976
175504 595402
911460 206575
384586 600837
961708 933236
921676 876277
822741 135378
143070 868750
762101 796080
593479 258637
784686 300471
488984 201733
322589 847311
287668 861157
644694 973130
900937 789516
446708 262947
244571 604375
738001 995536
408072 371297
730382 120602
98171 80908
239952 220119
668479 649142
173595 63450
103515 988833
675118 368310
271342 547260
190093 122931
100266 98058
616441 475254
666008 614641
503139 163638
407265 911335
10272 972995
202326 437946
579919 160129
75167 401125
129365 625687
85325 476595
973809 994926
549533 682630
643634 162767
686410 843047
208950 821837
525456 878576
74395 268840
657315 253141
411060 230838
121071 209072
575487 567473
885152 680221
658897 923106
88831 511638
808719 736720
242642 919923
662902 751998
185678 657130
61036 154599
465742 262377
775137 850516
276802 475458
94383 85658
775763 912601
218763 279978
661334 660994
918241 133789
475602 469663
924881 297866
148063 967186
876240 127895
927607 956579
386864 701401
995875 15764
457157 342668
400867 170767
660677 567607
903118 763767
55695 755268
439999 444454
456896 217009
199708 49868
300297 112668
642490 739987
708034 860832
361241 119673
627087 792478
411070 109154
906069 287123
879738 904126
358038 533760
641613 549843
404966 736281
142916 241445
970036 617232
734186 403836
453883 472513
547401 356723
226846 173663
641368 427715
846607 871291
757125 615863
933018 406323
934882 366630
978614 205288
907860 743223
552924 47331
610696 166413
720696 521975
639012 517276
973007 342870
663069 635403
419020 71991
576666 150569
333333 241655
105144 932004
495726 550188
357431 98980
727207 523094
25104 648002
352391 887681
878507 966523
929839 970360
463850 957179
594555 544401
51830 212632
254473 700783
70976 655096
432912 805183
656715 645947
515601 248785
350664 194762
480558 537104
488229 89989
61328 880102
560443 46407
193736 9563
696215 267946
96046 457800
538815 251390
929384 590704
879551 167285
422543 866118
110467 973453
503852 4346
582262 597383
744214 253157
290971 883009
1955 629710
709830 640760
937609 494017
528866 6001
923900 536854
153466 181874
732013 483075
286411 485669
902603 81467
743253 245678
601850 168489
939332 96298
412648 711489
149455 628656
268958 734630
689829 38764
419629 772789
946242 74571
128878 761105
423584 394181
470997 827516
633998 354964
949830 476957
401190 711779
289974 900105
604869 951940
717234 104618
993435 940529
75699 193438
731207 877097
34845 964297
613851 471366
795518 455123
981841 698629
637593 555998
217693 388606
458511 482221
702451 515590
507359 863696
423735 647902
123672 615255
30125 127877
873685 60344
154694 624207
711913 952089
83237 649371
682685 491110
260962 446052
577837 169690
870479 235519
713124 214069
814766 776132
908641 14148
997003 648363
66351 410909
889737 731186
903256 894757
222282 184493
181141 282741
364093 457932
106338 407844
987129 607418
268304 776791
833077 864487
115702 53653
514015 969374
539350 222316
209939 455578
849375 879870
243733 917602
390238 802318
69451 432211
540678 752882
935904 240788
337896 542526
105729 153757
128423 980301
6794 726785
481204 393249
642627 851282
442916 119161
245686 704233
935831 41988
37111 500523
865031 248650
622174 601146
125314 351439
803216 960427
721507 940838
732216 416758
38134 13564
810406 177004
944093 577397
184236 850543
448081 942465
192741 902316
972199 71217
410911 61841
636086 671455
878743 768017
198540 390603
686996 222264
45902 763236
205156 811437
728438 380127
329580 737326
650786 762622
32463 657418
491150 152733
751060 619570
168629 360168
635765 208249
961061 339240
832934 280452
973361 373175
407361 544558
436677 393230
320186 693515
847999 534285
946401 186762
986036 956943
880847 556815
455706 371204
795766 501770
615370 626164
229157 555213
366076 884962
957112 935442
573976 718874
63675 231552
715490 559902
127879 958660
350488 585026
614952 480511
270279 525124
965210 777367
531374 70941
473567 826554
140496 176221
404209 58960
355007 911946
781436 165423
673570 372197
730527 197557
491252 126295
188515 452868
661 933 322 16 607 383 475 388 70 669 463 394 630 228 622 738 506 482 840 308 507 870 830 943 182 205 106 943 927 563 147 325 793 947 155 481 384 234 839 916 69 315 189 917 803 453 865 543 615 950 253 179 224 502 226 467 567 961 644 707 710 633 691 726 144 792 422 300 830 781 308 941 555 551 672 612 281 816 463 540 207 124 59 66 818 313 134 942 830 16 989 268 134 877 883 917 47 923 725 636
