100 10000
711512 92435
258804 630395
742121 189452
815913 420501
182199 697803
581541 950144
99227 717193
822406 993223
801788 936842
191909 332643
95933 26389
760454 599295
205540 80770
643170 757358
871268 609545
7545 938431
489562 9501
818000 735283
846363 695638
436519 923447
980501 699766
634674 404357
929182 777740
531152 481485
672386 467544
127343 900798
548179 215643
857996 377306
295592 712648
781355 103211
307140 355877
803350 779451
249690 388405
871760 462206
81369 432556
440206 711388
540086 14146
30159 180201
86186 883725
743193 88928
295077 971453
860145 831669
700404 986282
590247 603255
874911 432282
851687 694512
64394 753024
674472 785469
632414 406069
292171 56467
444998 182313
67258 258868
121262 463215
268083 2717
734436 986330
346085 681079
162170 875530
393818 853483
420255 404024
538951 914978
233977 959771
57889 993996
125852 691157
98323 187558
6708 361549
950204 29250
863288 534274
670699 206622
124032 337087
137137 541567
434998 678964
212280 631890
101901 913151
779285 469726
279940 835283
288318 430265
43933 88699
513401 747561
193073 639498
617042 464036
555967 237951
658160 684983
460244 793652
638313 650154
153562 731573
413000 944766
719897 192885
905457 182708
510529 720787
616618 365339
856693 461559
158061 87269
529442 174519
852401 256931
82654 600482
636771 90310
66611 846070
875857 988057
106828 884850
184544 856948
327162 882091 142867 746017 738592 965838 635943 856634 492226 557270 890315 210604 455047 843709 626598 675708 34040 654818 881936 377451 885503 127320 792828 628062 411051 561989 18156 738605 51490 86349 749107 28451 591366 470570 124847 594461 327746 469882 429009 751475 440927 68842 227686 634285 122635 641340 650680 583671 945056 833190 391569 194509 814967 154906 859921 413642 452381 538679 440816 833417 542442 936567 174750 792024 298204 1994 445583 962355 929168 256111 104337 990089 424025 270969 371974 570302 414616 264759 419414 61877 829493 474321 709108 484495 537326 439535 982101 477629 417424 72820 535593 113851 553276 923442 979175 759721 186402 965940 273149 505150 433912 847404 69039 65754 170037 280375 252512 694961 761 260274 983201 125475 383404 313517 742219 790194 188260 122587 866658 799547 301722 600435 402598 653640 721181 486690 464326 844658 788068 481554 41772 357010 505174 893960 90851 315496 843568 804367 357170 595228 652403 287062 242362 576520 318317 405197 668756 854500 832059 442064 733382 44426 867003 286738 50236 236438 493464 551442 945513 516674 445541 983957 299720 61555 836441 450119 96838 1042 179471 381742 93397 524016 71842 807021 726124 362459 991416 158366 155631 285535 510810 950190 794422 845464 555367 926242 334958 824761 186957 986802 150554 328024 874075 643621 536923 789719 712880 13833 569534 835656 404726 604497 263281 334425 645630 902771 136628 981394 939972 623761 591398 464695 719525 738957 609551 910237 390789 815426 795764 245615 375793 916812 504181 895677 695326 962713 561139 374466 527221 156559 626215 512348 778124 555841 4892 797699 263181 636742 216150 155207 800661 688617 736403 184199 88603 878774 94542 908180 721752 186359 630536 518576 577232 263155 197647 217319 345974 361975 887603 732879 224801 357698 441217 488641 142665 891954 240896 276931 503864 214116 811516 619060 538040 427824 851416 467270 295854 580702 959706 897016 519269 966706 497251 310895 62258 677986 134359 397173 112724 395288 335325 669170 361466 360101 91450 8982 939011 926771 136689 767752 409195 790826 746755 783625 622032 41628 442954 521260 410333 989769 303717 637029 806262 548264 676701 518614 688018 394232 117007 697501 527278 761939 848292 838436 506205 149830 372070 532529 171732 999204 598903 165396 226223 130259 176037 257654 764060 37345 261492 294814 281894 825724 218207 299981 966191 553643 161231 809859 40087 727098 123648 942623 373802 783806 513941 191804 263540 632127 500171 214170 376525 39686 139346 604504 824435 792928 483528 132707 915220 896267 579641 694186 99678 760241 213127 120644 796930 117457 644968 194307 456619 278606 400446 171096 523259 367556 652830 339129 804372 402477 983709 492885 289837 555509 721832 527454 650919 259990 545391 192259 642039 543704 21912 486919 358433 910344 814501 267483 437699 82618 806756 13690 335579 173216 63444 317200 425788 227763 906670 950547 290130 317915 414646 717778 501521 966560 169669 631751 694004 112596 956665 58920 213842 986012 453047 175698 869719 497122 989626 675780 300013 839313 266152 905073 835323 53070 353534 266180 555571 665217 735826 499654 204258 644575 493815 718062 797111 5405 577017 943447 511660 920450 531763 646805 602067 589330 128552 20137 194738 78760 117283 279448 765944 860528 999514 404064 390916 496560 810592 106741 758644 901628 425731 313859 906292 388044 40199 979242 557554 232359 142267 631605 986743 738356 309616 879264 406385 602971 566975 802310 985436 432351 479724 507684 770 865110 229977 90668 97541 318442 917039 875518 70557 366587 518105 611255 663598 574925 334462 849808 18385 981095 224073 579808 14788 369562 362036 238968 470704 543258 530136 338956 583104 704236 29196 805277 832252 589655 360099 58738 906955 340593 238348 642454 146108 52905 394347 475551 618800 832581 738425 162025 698956 373413 232557 928457 474098 37268 418478 644936 156781 694532 736296 650784 34993 994849 906388 784817 206474 164561 812691 363685 539866 391378 425474 348616 8136 865047 793550 331357 256647 194552 391743 444463 859126 506998 158339 222394 598370 352949 944197 932202 941877 138616 76634 316915 186019 486946 248136 399760 180280 247887 744805 425103 64694 554316 420159 31182 432106 479262 154665 884215 641836 833387 105960 338095 913714 949901 762217 49465 329268 587628 744644 597524 144607 65299 926120 543935 166225 262740 211945 946644 289501 727394 7977 475800 377700 963558 897696 858544 637662 542943 481059 2775 886506 579263 655685 314856 455863 453260 674384 580126 330711 857194 303512 313266 923699 317923 24560 240900 233402 484214 834943 170054 614119 221518 251313 739955 628811 73866 960898 101402 401597 56612 514961 874143 266252 549606 982690 547891 652195 901227 514246 866918 871736 295098 274942 590177 145614 545024 462837 441915 571061 805174 494633 146378 94665 544465 295874 799014 825645 355186 624923 392595 1476 120107 890132 582298 792307 938694 577380 900855 927518 148244 931490 543701 124828 462234 736153 92084 587914 621331 103814 497734 444181 769475 415540 608959 702889 670155 321044 297708 411705 124670 666690 171579 34697 332145 794410 209469 111938 446213 371419 656663 133964 391315 469696 161943 672453 410828 410179 180602 367056 119287 783336 801762 415590 623699 385970 59960 718994 127785 485774 3914 961715 497163 4947 475935 376639 881000 176067 603121 906512 525091 143163 418021 101275 173995 895146 675531 133740 248859 938943 816861 645571 594772 50962 25353 441129 590793 700080 439763 231886 46127 579878 819766 621412 107690 665329 286390 2540 545413 847664 546337 705069 957001 723654 405440 923910 702232 378263 683731 458361 572516 37039 993532 699597 150438 620915 309841 818199 920075 21998 869711 342073 766499 279647 483713 47665 689300 882693 243529 462960 742900 81523 218876 967871 868418 503334 646149 127260 895596 454925 173319 733939 813475 562591 857341 849501 234775 694637 946344 58218 263399 20913 429023 934677 956020 742517 386908 606844 781935 65835 682383 402270 148378 647159 791060 593957 276536 708236 788760 907728 49497 219136 830629 29730 916247 806329 568711 422006 719654 658902 629137 198254 337014 828383 531033 559414 351605 512456 683748 362246 758633 497594 834903 533010 55098 852539 584050 906864 145117 957049 808125 541482 385135 76135 820083 51540 843064 579477 683562 351034 604334 901648 675992 794480 915868 730141 6516 301857 811035 593284 327962 152839 481051 629424 966083 870993 814045 219187 908371 902601 428062 516693 632549 651360 5204 173135 842084 689654 654954 921436 168840 944415 969613 974619 807782 202078 671562 585784 581619 888369 491947 585368 907263 989753 367312 735364 225427 411150 478064 536956 802562 282324 863495 937164 41278 268584 412163 167985 47411 110359 317782 986958 498997 276759 920435 199720 973457 786112 682294 90380 816535 25708 859345 536468 424962 421108 717010 279911 77547 856086 452483 81612 150826 71832 859243 679852 189149 500483 814985 325503 515679 40424 463942 637206 146181 424002 541774 575600 637648 456447 579487 888882 293909 269866 288153 481177 951321 540739 217627 844899 78034 816767 128703 431695 377798 827680 515778 804819 775795 131458 751818 807491 663432 486619 958400 148331 165235 231710 441901 604678 984005 731714 125797 61579 120233 31629 783831 517332 935600 232708 735414 291716 845743 544770 392359 54565 111313 439801 819524 114504 852940 536948 431538 511402 289344 915862 865661 449195 803816 137343 425099 829528 342010 848315 8390 968252 273152 484685 548973 504374 917745 733058 337406 183384 484076 327102 702111 752198 324829 89486 131159 399615 920037 966185 455941 14703 268576 841482 435121 248472 114320 308749 738182 417701 134388 655739 75895 927646 671290 769598 973356 308914 360695 819927 955576 665497 409752 970950 575855 408810 738056 184404 368828 733086 75592 588779 431960 44749 378989 895127 30187 485866 680689 330151 593484 360675 525171 37426 233698 799250 877285 67638 327867 797330 919756 441034 184135 79224 478168 817095 138408 43867 407451 900254 847882 83111 335594 598875 845225 228633 894096 138697 548963 251162 312026 469592 439387 658931 684316 874567 964716 424020 603264 106143 307833 770154 540835 463306 169435 446244 806058 102555 529951 353299 159290 362861 676827 247671 423343 675160 115960 643253 644055 404745 755162 805576 243555 429313 373827 719584 946028 115799 825003 308049 186125 856559 909496 110392 494537 531000 510840 31583 114859 918747 434248 81214 492376 838972 389108 180930 459973 985848 553779 387409 291603 934905 883403 868228 360367 671369 533884 18845 568575 857913 996773 24633 593180 493667 412178 419130 396923 195113 984698 160060 137242 795260 90472 602175 559319 777656 405934 853101 342221 691633 757751 34028 702028 693016 503730 25167 94339 292267 728430 485246 165017 998415 80907 717519 939625 19165 483000 668555 896260 772771 511223 55748 420390 507739 442519 386821 824256 374470 93002 960920 781377 477464 261467 188052 888639 726393 877949 421869 92337 248934 927809 579358 663555 675671 488824 78944 833554 21199 669353 725177 125782 689031 485191 468850 58719 545990 678243 998142 176386 957766 844298 611088 902622 626574 41041 471531 785996 684721 484591 636658 688636 740777 588291 490964 349061 621345 172279 478780 132027 801000 399018 62722 939764 798793 546498 301392 188182 23800 649698 584440 913607 438904 158395 761058 774423 822855 189441 677849 147144 914281 795763 121184 990779 575291 270333 498655 169541 437759 372412 965054 553707 714963 276048 9811 728557 525014 38486 823085 172879 961587 682356 507325 807128 802179 842743 236175 499877 18079 812135 468382 851967 900638 313583 177352 288067 593652 573637 786040 307787 210482 711023 877169 211446 29261 504907 798646 7719 694037 957616 31786 164141 90662 434784 694303 481312 209315 146199 605242 707083 291905 867643 988876 799497 126511 151046 475316 981924 766204 674899 399330 301662 364416 108314 346315 488555 675240 268081 33833 280888 303298 176199 549820 657938 488254 536225 728921 41359 43908 264590 841987 116450 598628 985894 730492 611499 898551 390114 250195 775912 360979 401828 874198 230609 74513 647846 622052 812998 143830 547683 810982 11752 924674 769367 402467 390264 299842 87443 703987 498967 733822 942863 463250 380724 770967 530252 969101 856576 978381 312438 918836 577162 483440 223827 950354 864086 604111 521588 323512 894016 929634 179753 667925 277336 870053 879523 677507 909214 15126 231247 402180 480167 474066 747004 195794 981808 831000 639823 875843 119380 773102 910422 357215 91096 520602 235582 872841 494575 612130 51629 84153 436253 135947 91939 286654 180364 962438 39090 115045 940546 232928 134267 296463 629623 377131 338679 874925 953270 963892 466544 7792 530035 31426 507280 48985 359595 79583 636468 70764 864563 95135 275534 625902 289400 383399 181443 146586 900309 762729 474353 119134 33424 999306 585065 7049 738775 541806 233960 31445 569246 932853 51810 620633 853498 840518 830456 882195 192003 87027 87970 139817 371140 407576 154287 654185 90990 785796 21944 988607 758067 276083 104769 980040 900929 65629 142406 425241 47759 850883 121918 836314 171830 876777 529083 424808 245846 58669 594312 908145 234748 442699 719387 525890 529768 498694 460860 978409 246125 755057 481391 780975 578014 869921 84129 384089 31103 391536 273652 284777 192939 478459 691329 948589 821403 829391 959871 507876 588257 217533 694445 241449 470408 698869 300820 522414 494982 455103 960142 574452 352307 117944 707044 403164 90013 980463 91631 620979 934267 668712 435154 479319 932410 820603 851924 631078 565041 106057 835559 505155 439432 772945 276442 564524 153933 164724 408944 196505 437216 8454 399980 876053 575502 394994 714710 437236 58119 348928 205024 481039 879948 213960 991067 705724 194198 140405 585286 761872 194549 26156 5447 343660 854169 889584 638418 228801 91124 816369 407830 817307 786699 486875 981180 335051 459977 306199 392855 87726 688524 311285 824434 470202 521089 920277 245338 180475 177506 638560 935088 780259 500900 267027 344280 233059 300840 289789 224953 406192 328281 291842 730173 65798 936078 856453 978797 686816 312058 580234 825689 865999 495351 83127 146903 181423 800073 105527 760694 248707 434455 557212 437174 841219 968300 934487 501772 548872 274375 354769 882939 369731 883583 570495 238056 906190 273956 518387 16785 559107 92693 345274 615085 879688 994127 608897 593530 261787 622838 535832 181588 204197 376730 601857 409343 422247 63840 938014 507874 552996 327077 682499 600590 532416 607758 443475 220731 443814 494171 954180 972330 868694 699307 303443 175294 917644 835422 919003 80284 254952 697278 56022 420474 898112 856558 456067 662948 777889 940276 61257 387638 279043 392009 181262 638961 648378 593482 744877 667362 757047 268538 134820 858479 507919 917258 142920 122068 430589 557541 989287 881484 709700 608497 941275 458167 136674 982803 223707 883232 588577 659621 724842 217810 138009 305980 568628 240620 478525 870042 720149 528646 585874 427648 140628 522352 192448 505602 966568 523381 265738 744713 250009 58951 886005 879555 667273 118119 829812 472953 346534 60242 640124 865571 359509 116977 265230 268404 970197 917215 264458 561527 813904 872973 381773 648562 486632 546415 226649 842420 555285 477904 391194 348189 804438 636758 950252 229974 7371 140300 311364 685629 958352 188984 280948 398249 889624 366491 58404 184811 114305 968244 220605 306711 962744 310817 487150 963413 534765 190676 745234 650663 652989 115213 959231 831650 22821 504921 535521 483609 974273 406222 449838 581966 998853 122515 971032 946134 890799 769531 517795 237026 358652 847554 512096 704218 654176 783105 357452 238146 871218 682789 954413 196344 515200 335938 674040 67480 769474 35040 261887 296240 866863 437405 879028 994510 214385 932745 540496 856814 589397 86774 201654 405354 931295 679696 643270 137303 866372 579004 602357 698681 923336 258716 780805 294025 45314 727346 766553 481490 306674 748090 401637 333410 855603 375932 112893 715806 796077 992643 721488 139983 136016 921780 962692 806915 500099 230984 148515 174338 781413 91371 310269 668540 569088 322652 644294 565524 665933 265095 610302 125315 527081 18138 402806 307188 472118 301326 223379 908369 623891 600596 10053 20668 906172 749221 710377 334687 529563 51500 530375 409521 739779 477773 306374 141232 719609 82164 110592 339173 234348 738754 269334 864136 804386 10266 952080 712391 99486 211571 961878 710526 45115 357700 187721 268810 950916 915543 593936 51358 383242 393173 115814 282547 893369 822401 906343 9774 345240 511905 156236 987744 752008 383693 767193 434839 341406 443621 610846 649793 822832 664854 509811 175439 739396 756236 734552 108576 811713 299589 939251 353715 414461 354893 94565 907402 756466 921279 930094 79668 861236 75260 765508 687562 661569 635765 746361 890210 845429 769530 258237 504244 853042 858432 482152 5913 543819 115541 329636 623746 774604 692334 103050 789724 940152 609078 146812 613277 346476 997364 50863 178924 79455 871107 856539 86676 379385 361843 367623 881850 413109 287305 184323 431354 363077 47471 519457 931368 845188 515511 986515 756613 952116 844485 30452 165453 358220 59370 206712 808562 318986 733904 822373 291667 393945 78310 230015 825705 458792 200405 41897 821373 700063 447910 648753 694585 895678 498634 613243 468588 713154 779417 112334 160619 770214 955663 509112 785385 593321 849281 729485 700224 320840 43300 929185 825535 55766 385176 189693 661481 393396 771440 346648 576530 709451 724331 996291 746632 218066 749218 492377 271342 356999 641057 745162 850911 852483 425392 690919 585083 760527 229269 578910 817435 888713 135864 9692 162660 11391 555010 626543 613872 291491 228796 221544 316023 442357 387911 586898 142799 706570 89914 613985 358666 264306 363720 367251 451149 542776 320883 220720 992239 518899 887232 202845 216918 405878 782214 209148 837020 192770 135752 302631 77859 248955 456165 211418 530837 50097 957164 631647 195274 940668 295299 917830 288465 965979 309110 270794 423961 527798 562703 810429 653272 207379 494113 101815 258116 440810 336454 419448 606803 76308 342437 581971 133644 844832 954055 63807 960744 39711 705515 668188 326894 341018 253799 756902 562921 514866 512121 519511 622590 712016 143597 106295 475555 193104 345608 457931 760499 59130 503138 718235 365926 377975 558556 275731 627398 559153 338410 162586 225892 218389 544660 790832 675170 912657 953775 402976 11361 236858 706578 134809 756632 371924 151893 502452 701315 345946 660643 9276 434382 501 491883 818174 981430 960488 433983 706856 492500 460591 304807 585666 34612 536811 283474 564550 14564 438259 358978 304144 683053 694454 950023 744200 858622 665140 995010 582943 582151 745553 167131 931788 162505 991826 158084 696881 627356 314202 546854 592726 270187 552417 563031 70505 275058 76399 969988 256417 68440 293062 155611 534252 419929 18426 74140 430628 897589 678280 466289 630283 341251 626106 433231 816349 549010 214103 111834 504280 583443 524001 580007 151220 854423 86149 534501 53172 965731 733852 48477 138512 77894 904653 289346 108033 79186 362135 955217 370863 204476 81107 139614 962026 591667 542888 536157 806418 638235 662141 82272 867629 843493 22154 150149 350483 415757 693373 466987 337368 851448 244529 52305 790437 383594 748332 974683 872344 947165 984973 720800 477160 978523 647857 164798 781114 397921 222864 544727 726707 170843 783524 992410 490695 807346 995744 73202 44504 466347 404430 234063 583539 626702 351722 535040 52628 200133 38402 574386 880172 846144 221034 804313 683168 864108 642283 415271 401514 912336 839630 976183 166659 970204 173042 495019 759460 583895 87194 996936 829510 6601 88084 980675 11824 973774 900053 931474 139258 90527 69762 45138 976195 483972 311674 878996 861356 248921 174955 956315 206777 315639 508980 179445 444991 304545 79133 268823 861159 541993 348345 503644 648502 464184 763866 451112 465965 988638 838364 122210 243605 844911 393139 54420 387319 191102 634637 982921 961198 762725 26482 243678 980537 402052 121545 15325 534446 149402 912391 984278 777179 958808 199236 536501 806684 833065 987001 88396 883655 771814 169126 249006 945535 416959 545693 282576 183309 456974 497825 522606 716886 993706 434366 206481 108072 571763 576261 693123 583873 460559 285135 976371 799485 163620 905079 591244 230397 38164 419713 195717 646724 388547 503786 439277 868221 248048 812077 648705 363268 52307 98161 556444 2481 660671 407418 957853 109677 383298 33999 1893 689679 693274 693965 343921 441012 634713 582146 764988 336682 740512 912863 226583 669991 598008 129461 818274 415937 840325 434705 153126 926354 361896 664233 801345 757086 650889 659538 380317 187640 582232 152825 197773 223529 365515 842802 636158 2280 936630 832482 152081 326631 300218 990412 663094 726256 672777 266010 70982 110793 394759 760031 294143 914540 371139 602978 129183 404525 420741 815563 167954 552410 857352 377988 540676 595767 286625 661884 249055 49559 412095 868580 972806 112868 870693 959847 528553 469250 574702 474662 451928 699859 386691 819411 884251 344456 146378 950686 326352 162533 629667 482013 733323 184904 583091 871175 902651 367403 48841 691060 640249 813242 149926 7950 707737 123870 308977 676389 171473 684787 931564 284244 359740 691612 838558 883160 183385 137782 875782 671881 298872 989856 367115 74312 33324 173711 928445 302405 450077 932924 36299 174165 512928 989222 19054 680585 544503 24992 669152 5100 422745 742952 732019 553368 649298 754602 372395 362238 761607 671148 295659 18089 105241 958051 546182 785122 866976 437874 888699 561153 138337 535989 107879 205450 352331 52188 937162 479328 606238 836655 221377 602979 3089 135932 855310 692027 131725 548650 256497 614477 836640 88148 750002 652409 555616 626096 317330 512112 745293 621362 831880 866484 550221 753039 966119 366233 831061 826514 151965 678017 412668 155178 786692 684878 71197 480434 5908 646015 432903 182583 737691 18080 362 910218 269407 871668 748502 314403 384943 626281 947106 792832 97090 704415 206389 820485 265134 169940 795786 664278 127115 202916 566674 316564 693994 269721 61656 670906 803312 689727 557318 890531 738386 921036 233294 782576 608891 326796 610892 503668 951287 560174 51010 97428 277055 979375 217413 504275 253061 285652 4956 237131 213089 693231 720980 925123 295965 336686 391695 645129 146199 497181 504917 343169 731666 567983 236888 146291 938270 931469 108228 452173 569683 489504 925975 599496 107852 385292 854066 994634 327471 586390 211811 717309 445293 952913 340753 278874 703673 58363 296187 348728 464602 525592 997415 716073 51103 173002 665557 991493 67365 283107 519493 954612 566949 408515 966892 98009 739604 530413 783107 159515 149483 37526 412913 554738 302071 722488 499446 30204 837017 449258 619502 557749 425931 760884 646833 726501 631257 555764 39865 456070 558140 540908 260594 546166 622594 258262 462754 192243 388549 948550 80811 888925 244938 367315 645087 956183 843332 255396 251217 432966 586800 397299 633962 937105 797187 633812 12008 215527 655397 515931 218669 641861 927522 751838 163812 634151 518353 758904 565543 203747 238833 514493 889822 455438 335112 611288 830060 901740 353722 508386 48165 746517 976164 705255 383580 968047 493542 35366 702959 357468 582397 52199 217625 975969 465141 261255 869848 257865 47922 117284 446932 795080 560781 821119 94465 942143 83645 177269 961891 859866 561088 531786 149715 243695 376555 476455 169455 492957 449844 712799 385717 358956 674694 787173 216374 395540 282665 775697 811778 194426 744519 384609 968863 705816 486014 762205 828440 174726 913290 878606 934014 819230 988027 229988 764489 330867 855619 487571 723068 190567 142850 266169 199066 137478 77462 380619 441652 559989 829069 214166 430853 262633 589240 13070 666586 229374 897532 378375 681062 185368 119720 756308 643918 651382 779316 124628 136361 278419 928518 761339 919615 607489 192248 258373 946542 951440 479381 212705 669633 272531 282362 850862 889639 835121 786263 518138 335032 573440 236635 291025 872860 564216 986192 573884 362435 78135 8020 192936 626553 721721 765542 117497 683977 919822 759604 395442 573403 338019 191652 795898 234493 805149 497124 957963 775483 657372 664785 791604 589370 552146 61517 513320 189463 924214 650474 994092 852721 156841 923292 755463 518759 634340 504411 58396 566547 453782 343462 982420 312425 544109 329193 409148 788124 595493 478632 519113 206670 216268 26019 833772 146571 631419 914869 442557 669966 371965 245698 886353 5399 610299 232468 360780 999256 798285 892410 152551 894810 655450 794892 444129 394469 759425 854708 341942 301574 971916 900110 815873 755367 651223 907202 522861 46734 121551 713189 266902 133296 550771 395614 785693 185232 317242 137377 942696 263732 955693 456560 194417 100054 880966 618140 521319 988826 428926 625980 454926 814884 883449 219820 348947 298781 299631 855040 816521 410946 890651 993065 55634 116041 696983 640254 299621 555500 925515 456680 255566 433650 433869 123074 529673 21211 120562 472855 608796 486320 358267 585964 854618 153653 771558 767701 746244 19655 130747 706725 947156 642962 838926 320307 234864 637322 633337 616785 694748 513250 665741 248661 221234 728902 764560 925812 928284 966691 242833 348582 777413 50783 673120 606731 973318 380063 609711 752343 328237 573512 846359 476488 969437 212365 960860 921490 869692 177937 914596 319394 747739 336617 810839 856694 133726 100301 669720 726176 851700 117892 197545 588020 174310 926368 604503 449255 707461 587134 56345 298169 558678 706537 685826 396121 330922 828415 902311 275969 610370 587256 357299 336130 832169 809085 904950 681274 645338 751427 944392 304227 955100 921856 790300 250339 516993 680758 73924 794792 821146 157159 83651 290507 465918 820954 152462 547889 257945 68601 995417 509068 830933 106251 741175 772896 447841 15331 292235 826870 864416 184031 293546 364005 835741 366191 989005 968622 764339 510108 793976 470273 236369 2191 560662 536635 739237 758398 499751 135690 573907 831856 715964 483142 76465 98897 900733 174438 921681 386501 397773 591905 964546 446069 782603 138306 634318 849862 109900 912295 892504 911567 731922 110426 989519 193469 604861 130073 687205 991945 368247 551225 471948 758010 649275 225485 456045 831950 493816 981958 986654 758883 719877 397506 617668 46176 437451 751657 934493 489829 322193 179322 65017 603292 903713 343830 924448 342468 115846 288805 309616 741493 628507 990900 897810 533616 962603 683494 693325 494076 827653 708130 233285 650253 874929 525053 432707 114691 221650 483758 926162 276302 183742 504600 744138 191222 700028 657228 575608 788380 458504 439244 83836 454074 426304 802590 918300 905132 588878 883562 152874 971537 306970 226696 892318 567788 713321 540223 745564 90344 870533 528180 506314 886392 89610 727916 79699 580563 371581 21625 992101 567636 476821 350235 461356 120829 860663 284573 523455 238622 106333 903630 385880 317228 496111 996815 251319 414928 532488 858273 8305 895997 742702 789640 620274 321599 247427 379115 339556 593941 917625 328687 187445 587374 509597 106326 67519 681022 322522 944436 132415 309996 810355 669713 933553 946330 589879 218697 183364 816892 236213 972889 522115 781156 219451 758077 128568 175230 243496 721605 221781 488373 827112 413453 717288 399934 889759 889518 278152 265612 514101 261243 825377 876768 191519 210297 782595 506549 7887 594750 424362 546551 781658 950887 147126 410408 149623 83256 956408 917409 534917 160274 206666 1576 879093 980621 500190 532420 457185 670354 874402 726567 710803 200256 649825 873566 971812 858031 445791 669868 617600 998821 157658 26433 654923 714777 490286 121106 166012 117028 216962 798688 258164 156810 888606 256641 126890 4310 587034 555604 938450 853943 578332 974940 67407 357176 294248 57406 253741 730574 366741 324558 585594 735294 552700 73002 810661 616628 586588 775327 830793 879619 202470 932384 483768 618580 29490 173075 995749 472709 402016 471395 804669 639400 498941 399198 813549 860125 499956 63512 124041 204154 565917 672783 462452 416624 125310 286518 601314 219534 658494 253217 417649 857916 352627 273802 625497 602774 66995 72445 556720 858740 928857 354025 238438 177208 131138 200438 895643 358351 972370 530524 624125 530617 740490 816188 858366 610805 658099 37186 25327 553808 904324 184279 626387 111869 350672 3577 473415 549493 6017 862513 926328 146736 126529 744240 990023 49297 548805 978604 58919 303462 286775 950035 854744 217855 214467 674210 128791 191685 574656 387021 288794 45605 906700 457867 285311 74671 327128 140954 392066 259619 127242 941860 953736 473189 607367 778296 83328 771669 495413 349593 710740 616277 33686 958948 416060 738339 967831 545421 778988 92295 215790 318280 376051 574529 798613 773958 147907 561053 461356 955987 190042 199809 716599 865183 923771 299727 859892 742967 654974 406861 845256 837719 197880 39241 191631 832128 68891 580906 586070 901939 767212 14429 76197 630463 286100 360168 397713 298902 794630 865363 899919 133697 319778 438440 288718 159030 268944 494857 976715 311704 628631 419938 777604 601374 656710 975336 12012 760260 855385 954191 337065 597454 991420 341609 878244 449386 526677 14273 438808 237232 865325 182033 199452 375612 216092 126736 618732 910512 517519 514623 922139 874188 295288 49193 984169 335068 468170 562765 346875 279476 273643 92155 238056 725442 740655 289601 761122 403675 632733 74460 761964 386596 762172 617199 103833 967264 985156 834555 610225 313787 730884 90721 65658 439860 713584 72090 123866 261919 640468 959444 265021 315850 87999 788553 712427 749200 583685 386512 369073 429388 52781 948680 836929 442001 234118 205506 456884 504639 513786 622201 687951 678798 105460 561857 211338 915697 200569 17846 545401 401559 655880 736866 595941 913252 46586 282558 826952 443873 684097 644215 303104 711479 474042 71770 30005 191210 857995 842494 907585 848133 783689 208570 450181 679409 213516 741231 445489 209462 17875 236928 66732 706071 487594 821728 519995 154883 306349 207543 697653 639778 518066 380526 92167 548000 742303 248691 421493 895744 152290 191656 829942 253338 859341 182342 271384 686732 374728 931829 417004 919832 100039 837361 676267 492947 524420 939799 661968 1828 567037 254374 489749 293336 753282 638736 433572 50936 590650 256368 611657 120586 848942 18924 678282 887109 146966 123858 63941 489850 897163 430646 544391 439521 279820 394293 736172 509996 984145 334853 647017 560786 205500 43605 409752 592107 654466 927332 566158 489620 167088 408389 863517 289128 505568 195190 646951 865976 104100 87800 746284 566587 872159 542888 807718 679428 77388 537174 653002 130432 891046 664924 524618 86092 521950 184876 90124 254992 367621 31784 120090 524092 73332 166332 116185 821138 669328 189548 728670 422575 322838 211674 918065 580450 94260 431752 580029 356948 329089 625898 878670 524915 122510 580639 72598 812661 307815 248167 629535 243743 13906 505970 659504 264685 778041 280486 634107 946293 936342 142189 575779 405658 405132 878827 951756 634593 895401 827555 406334 845733 675998 384242 232313 918194 18444 85617 562724 940048 958861 269956 987055 838131 164344 32281 228377 615814 915824 839528 249432 266770 274322 707049 658699 489324 541391 117974 798169 927754 656603 813509 351241 707386 410457 896632 85680 372435 746008 813025 1390 376413 563413 244540 478093 657301 374253 615565 239831 332335 601583 818387 207131 496086 487972 648831 823042 107420 679168 856306 899612 750127 903219 192480 704068 906805 301749 41114 631156 237351 494427 159079 920585 575958 501721 895401 962676 909640 207799 288843 388537 735197 868632 816158 143153 152729 833250 659018 397186 148391 632304 492846 433547 517098 342562 859678 110124 992560 340622 156005 716782 63392 833736 966641 48806 191776 90480 832929 571851 114878 625076 458406 567479 902208 792876 452960 925536 369688 931526 212626 468955 190167 884855 117224 276747 906014 274239 143290 843509 864968 380257 966394 764725 506031 130368 257083 599504 278651 390045 433808 135103 647278 31306 872128 167742 382245 994388 382617 422023 985635 383683 328101 663124 897887 135399 728861 427758 964991 290806 914903 969231 127700 458329 113043 532077 27902 290782 495080 3312 526119 367768 63074 145990 820330 429511 564897 515837 346405 676384 839570 883241 980052 193869 60674 430022 359551 820769 748573 19230 767162 265439 592285 793667 534258 739161 769351 718669 82894 16286 107842 729632 351769 434178 275660 291805 514045 950458 23901 110434 48523 649429 909904 442054 372438 159733 628169 84754 858936 520802 889820 598622 16212 368209 489245 732249 175694 18670 936813 827228 429296 729878 414213 177203 494888 112146 220505 799487 518595 66825 211856 685452 984653 550877 111223 674060 790759 713971 353814 422743 439932 746720 331178 402817 840931 950654 680699 965538 448789 337112 756184 930255 287814 382200 361032 190231 563298 770595 888117 497309 798672 288365 331391 961163 40609 765084 243620 725360 307474 490588 491983 64746 785734 85905 602093 541729 641615 611491 986713 330154 499251 967550 133989 595349 364372 296820 446956 374949 755579 660579 690338 329705 86561 172217 321811 428913 143943 781153 787132 87382 662267 370054 960083 808039 673507 798646 707476 239877 867804 565792 455422 547595 840511 211863 213624 473897 639733 141092 686778 775110 688512 765845 254743 843312 368642 307386 301717 203694 419893 355401 26042 190078 578978 372151 885520 861767 114679 80809 170095 754852 917875 975025 799008 501637 773723 188805 629812 461592 217319 793307 920582 288658 637937 432474 371865 258582 272549 653992 525707 56614 853275 308663 497816 931174 595725 420252 216366 315702 155828 224168 595492 484370 11972 471787 833397 940763 76117 185363 12805 768215 794656 671760 580733 962021 512541 187798 40753 262367 497406 386526 597607 493988 885741 2109 284745 918297 68090 440829 455390 363439 394246 328841 12153 417104 334577 283951 427245 251072 268543 929782 519000 100739 384418 525575 542788 327256 561515 424455 383094 492854 493507 885293 714101 298846 65816 73001 41542 219967 648248 897133 958713 849804 452865 603379 435262 595577 631624 505812 371136 898777 799400 474458 612265 261281 403983 70651 359092 876146 237871 328848 513453 325980 614067 815081 650025 713536 321419 934466 919906 924457 220814 708458 7965 759945 39420 560973 261120 629676 21166 678849 674237 10429 782642 658369 700477 566802 912042 254243 408798 586703 582264 16212 468996 495725 261251 497924 947107 334401 190622 190729 58466 89774 706147 960311 578035 959710 311087 461487 27352 572627 506359 495462 163337 923218 746051 965604 718495 397966 337669 958741 15024 126315 32672 605080 356593 232535 559160 924141 863744 912864 831986 39542 606585 814264 872752 179638 358724 916806 879188 616455 924119 819224 805917 519980 910504 823631 267762 427390 443712 652301 842325 210419 464970 379632 514493 949871 474356 760197 428203 810620 722810 99123 158590 779851 504772 124103 845277 763051 377663 909481 772993 686171 900864 445141 390812 588897 778326 949456 580050 240753 951684 875582 210908 105350 166611 982363 924883 951166 798983 647848 101896 18316 885468 711820 140382 552701 966129 595555 960505 873677 858084 486525 997223 110659 511550 485614 226350 817224 741855 35765 397321 918063 552298 404572 20132 483938 349924 114485 505169 243237 256812 94156 674947 264336 428214 619884 954254 137341 475869 68402 620201 890651 914035 362312 270466 599290 475703 913977 831954 808315 816794 196984 805254 42655 52173 548990 593052 495688 705130 445952 203668 332575 715775 563732 502860 488475 548276 613888 444642 517205 522686 793416 378753 113862 920610 216692 537465 292732 255042 507337 216438 682948 384698 780226 18186 328836 305855 574626 688723 634055 227969 795386 379671 787331 225430 180968 895225 979240 833568 121691 478695 199621 770253 212096 156131 30602 494354 933052 970371 277442 861155 857882 927760 616909 42898 187458 574623 998550 676079 436111 834765 580628 923517 141486 741464 627696 186569 906378 809101 942066 339707 630079 53470 56397 441664 128802 670077 209837 297731 491343 124161 815297 393721 377914 56819 863450 676337 6498 563063 713641 863932 588017 588155 353170 370126 632857 780415 691556 144221 695510 390566 120146 85479 747734 670667 787764 663481 858998 446866 870505 40704 867852 349494 8850 43212 457333 375173 933039 318606 802919 85809 915650 210140 912748 297058 338657 787970 201034 748009 547295 975893 717632 489400 471934 467807 244566 610515 800613 706685 441127 897752 70292 237410 244211 991198 743457 864634 438062 81762 897895 134565 118006 622067 109149 251259 116634 1255 521841 564407 403272 384285 881576 458851 509278 403873 488635 458068 847654 242215 493014 997889 300817 190249 672133 279366 395671 298623 53390 638021 654298 906985 20736 575760 182485 374701 801018 752947 320028 540731 981298 484930 319826 715917 899362 697117 534082 868109 209760 898401 430258 509227 490377 361524 404004 42824 175066 388066 165749 676336 475996 914930 181472 880507 106908 652148 14911 501911 934184 61198 87425 852924 802127 112560 717720 271502 571959 267376 909742 265111 717390 743692 27319 97172 642164 608047 461501 360154 35265 814485 786074 184699 354764 27058 31376 826982 392393 816526 967382 669570 528766 454942 608816 341285 133273 967961 40199 972393 592180 590945 644996 756268 75968 197639 153648 947170 759752 405007 574069 285963 938268 30572 462870 762571 514792 195237 349503 912418 702798 179431 123739 393614 609918 610124 192416 94590 505642 285539 722827 666248 295051 983553 520310 858608 152107 190354 779805 337619 835194 660899 601478 175296 123396 362014 550367 521734 191703 791062 917572 310388 362958 791536 996813 105548 261052 713590 174857 135152 442124 241044 784389 359392 175728 565295 289358 735978 484788 155721 876423 301861 552689 47160 60489 997719 780083 542286 52479 954258 410369 378641 229747 895209 662207 182186 390498 932972 155015 147637 136808 969651 544092 338092 986920 280207 450425 229504 490225 998502 830142 530934 311711 896901 392018 436742 902304 547455 479611 839650 732099 975783 584877 185563 821533 179458 277436 936583 287047 358408 440424 13334 831991 369811 391735 862961 780110 490175 773270 906641 589502 914465 21629 305088 22319 669861 267335 59089 748019 539284 531614 350650 408978 998697 879341 771901 299561 351652 733258 892729 264624 564268 665406 394001 157110 288014 965800 718469 433209 264149 556653 102599 306140 95399 813896 245377 89525 157245 533683 197918 579734 57961 938271 800067 677984 4696 765409 196922 332927 596733 649975 762836 502813 824296 518561 561386 521509 660318 584173 956124 581020 196268 629445 367145 329411 660196 247530 285435 890599 530449 395549 993544 993532 261222 626903 507150 904990 513025 897570 586917 214830 399013 390361 888579 729433 320829 138502 177396 130531 614 849883 994095 277009 125830 885390 223180 233022 6204 385552 901322 897298 395615 496924 290443 456815 328230 3590 910926 53023 607838 134901 400979 49612 677628 54536 601861 230229 289588 310658 354238 863039 575246 876408 84335 999369 425181 147074 157755 497660 646534 330953 805801 815611 324370 860867 172553 224099 765309 601314 173768 750651 873230 812677 841081 143956 574227 329021 665879 506173 908141 889214 174097 932918 867153 750107 176087 514024 618020 609174 506701 547370 144298 185396 782607 41013 634529 8859 175512 249899 637476 858795 531982 491901 176944 633912 684863 557117 186835 372189 750697 752153 956119 340556 507840 335661 384159 530048 793605 444135 187123 224947 111231 827126 987086 805482 95611 446401 813613 299316 484648 127699 849176 552989 768271 652600 190870 390975 853850 990529 721755 617180 869014 908423 443121 406777 368785 539561 12663 187493 696091 731575 663751 312971 639503 924227 609541 257916 114648 962749 134654 890340 861579 844601 416156 336891 499833 1635 355795 96770 859836 367224 922819 70932 608998 66125 605796 672304 728317 900781 673160 146489 360827 981662 553849 690720 90830 861150 638502 780171 512355 917155 597836 170905 59647 812673 251500 153613 34237 564047 588819 430841 675206 594268 955628 277492 861718 395120 522603 309722 401175 252292 37554 543729 307678 527108 695373 899265 722766 172418 202845 723144 191657 766141 942820 983696 680991 662399 184948 307498 167278 110079 120074 244257 88919 996272 694351 719697 203285 266685 786276 494979 76042 487827 95358 85469 311448 478717 583270 789427 34707 749812 515493 259715 826300 820731 310243 313708 114498 161901 676661 664812 123786 580600 440539 746691 705441 256650 367179 283242 322057 467663 199951 411093 7998 110028 397430 813746 808045 566059 460768 73581 647370 439262 446415 160436 720174 830103 534074 636817 511892 684869 367191 172403 670634 962386 36855 909230 135759 351433 992070 237558 24956 367033 338275 2313 69034 639566 496526 844736 43580 138101 677027 229949 405095 536366 791965 232089 210274 750269 175363 915133 764170 469404 609516 148045 811623 196487 843610 357738 402152 76435 609239 547575 354936 607894 12224 655051 374273 30736 487887 878492 699342 595938 813016 68003 583155 672815 221031 634632 32275 533204 736641 701432 371453 339203 779674 249744 721316 978101 767619 731172 380770 788116 170185 550140 425546 44654 319398 6562 232017 22330 23633 334959 799710 814398 331897 267497 76100 552121 281523 902358 72561 588836 944540 365395 25482 198087 923725 685843 616864 364053 537332 888490 994339 117877 925184 923014 307989 789132 642900 821950 809574 134236 454615 268768 822740 869956 180501 749196 607336 234873 213089 965050 438344 62874 788368 487843 337692 22065 543687 796276 281888 834173 155298 120364 698557 793050 832470 307989 310469 348064 646853 315683 470429 619553 35815 26822 434942 452011 638917 366660 630741 948236 272685 735286 816513 134402 332046 521359 472033 611655 456361 297552 179221 721102 173052 244245 671965 639013 354963 841991 683777 111883 7752 489222 282933 356527 826858 36381 324579 182299 669556 745928 929131 642592 299286 745761 494092 892778 412632 959654 903749 491783 91473 932670 969529 194043 823042 89347 254822 316749 693479 589547 589479 773351 508132 808184 942364 788031 866218 707220 169801 119125 995718 832643 150483 342888 1244 90861 317989 83177 680498 246441 397028 603827 769704 137710 427821 198433 960250 129751 951762 307937 41417 841589 965633 145280 489830 535797 771701 591994 380012 560967 643736 748555 18176 555541 41175 572148 749984 208211 221777 817903 151683 185525 959817 767494 349141 268678 115713 650423 168610 135152 955410 956243 59864 711229 692804 433284 629592 586642 316763 950514 713443 234299 129014 544943 150775 92135 665033 704774 734347 846752 278603 472491 640210 734645 878271 335708 99262 280025 835882 696926 195241 665235 912072 783082 735158 853811 586906 828711 282002 173812 866660 869522 805504 736233 38557 328574 386515 428425 786627 414901 924303 312624 699053 86114 814973 122569 186035 671450 929543 649249 944765 47342 396094 720805 272224 767621 87852 213999 945803 922363 876338 971772 61605 383313 213929 684902 618431 511880 514637 525928 629421 29080 477234 919132 525627 284945 72821 295746 42327 201769 780876 154494 661852 204697 425850 422723 487621 591976 34584 343564 554026 41813 787311 16161 489080 938356 320406 119348 405945 396965 887045 938688 85672 852541 858541 969133 558859 951938 799908 611878 874887 247745 531384 692215 702305 474575 556880 852026 813002 572850 11130 116442 61465 422793 714135 753574 391124 491830 965124 166666 202089 666247 273117 658845 406588 368434 524285 843896 953164 84532 553922 247011 503897 425387 284746 447914 949513 797932 229296 965673 661186 648963 80680 607946 950904 492941 625110 858836 540631 424825 703321 953200 225623 535347 993919 669429 362844 662658 740363 442295 554500 119756 746899 593167 933617 571964 576268 311093 445780 582687 239652 223266 100391 622766 613067 613461 393173 786023 906985 60173 915288 101694 832079 591947 420553 325294 691469 489332 493363 328505 932567 472201 688822 261587 631487 858934 395220 806002 592329 339725 198595 193341 259249 459199 730565 214070 802446 224250 241730 917932 171477 377920 139293 523053 589226 769006 169020 501826 780706 956838 803783 165132 638210 976101 97171 455660 423804 362579 586402 744640 220599 543318 22211 331873 53703 889052 848017 75323 779914 926512 688031 910274 263990 817744 817338 998618 514630 594263 404108 840840 935840 642581 352702 57508 615173 210330 289971 485821 465780 152601 946064 386733 359352 791835 776705 902715 887282 936657 852612 266716 79461 878384 422390 540039 451193 207697 958124 366802 878698 39431 840488 932181 985791 79290 156621 922990 421929 94429 575875 575194 839179 762886 967126 897348 57371 862171 604792 792166 370386 838701 3720 275094 112645 317041 39360 2742 854534 785292 668030 337897 221152 466717 634531 283478 92473 243686 165794 414593 434409 214932 890251 198836 716886 54382 710356 565106 739234 130435 95582 694696 777851 344770 795275 623472 637468 797200 840733 809517 740097 980392 392302 972049 421120 823762 448871 123478 726548 206264 993746 873766 932593 407554 484999 569079 975251 90627 137597 323612 92621 458451 135261 866704 893352 192041 644623 629051 372149 20077 594296 609598 979140 572682 886854 19050 161947 243905 990108 525052 487150 29412 897487 832987 402671 530331 390314 896825 97260 296653 56134 152200 349036 907453 136319 507553 998253 396858 655134 897598 183233 523873 818356 950593 794869 255913 722544 18607 748478 608943 380034 246399 233957 70417 689555 28082 463785 274910 216860 548953 188821 665476 96512 710838 448743 487031 155514 278 440153 37445 670877 495581 683657 939955 710354 293449 305228 154437 255984 828099 588283 311871 407122 488648 181301 258434 93438 208841 75092 988863 784238 921810 243597 486353 352910 968635 557137 510492 194783 216335 708788 46093 52345 107989 971690 483431 543218 790644 424976 185973 490695 714799 445006 295689 361938 250647 536586 649277 28052 91056 9240 459648 848012 501364 843390 70504 118135 969436 391022 691709 408666 659280 694590 877394 986920 443021 632986 51618 746250 112468 474166 108891 151257 367043 871578 192148 981780 282748 418328 741123 819432 978607 797574 275099 690426 964561 838727 245200 603823 961336 395626 940144 318000 631684 350962 330402 56117 341845 257121 960794 491345 771655 119668 429402 592541 163873 629850 628929 880332 612804 462477 165576 899895 625095 583421 204155 389409 714877 411080 4376 708033 221072 483311 148244 429940 71325 466611 276122 783526 619622 784837 563267 467988 553367 307170 329908 281698 973664 44737 578974 762098 567253 659392 326864 147176 708403 435605 413607 458419 960541 321632 961877 487438 169333 746005 39633 389791 54998 698318 858546 984346 451749 922786 820093 443072 348134 274413 365122 418763 532966 272986 455686 861572 683889 805046 414218 669924 605859 919472 151633 604082 648495 76119 834704 302354 24741 949387 558027 890996 773169 237462 251656 488153 66134 240109 896667 757375 1686 825154 848912 203744 115555 337744 282754 161046 233606 530838 188948 812529 483654 977859 40322 159202 505259 626584 659689 70399 947294 3720 155286 769722 292710 100236 543862 684935 681988 317857 290724 88141 460966 680262 342395 34917 625901 56112 213617 45327 559013 503560 821435 107875 595632 315299 190640 346886 603000 588959 172700 904445 235767 78089 38640 128451 53360 601703 691539 884048 714290 632264 744884 572509 967400 22911 194647 499493 253810 45020 927249 343469 421663 667439 317526 599283 88070 469016 532925 612805 838737 942366 329021 659620 874047 41506 75296 919147 759911 276866 586455 756268 516818 268378 570512 963398 684662 874562 44906 910293 985286 746204 617300 59692 548986 977120 221669 958188 466023 801657 559236 725459 500494 417555 125492 323574 869670 268902 784802 368247 173275 451946 798273 627406 695881 730223 766529 339325 311339 630380 437237 395084 172633 237954 85910 317 828098 612503 948432 482640 299746 793082 761726 752854 953606 303821 427510 656906 882908 753099 733006 634218 92448 458650 748000 210441 549221 134314 91774 509537 262000 930436 163472 402027 435523 698604 53916 331888 485593 743428 564168 474929 798627 219624 496620 846933 133881 878106 708080 951270 27857 788211 191810 834533 685304 868362 86463 448419 773356 51084 169365 305517 48986 720132 689016 554867 219880 293227 314986 47123 948224 342087 406078 643149 271075 962029 211273 525705 536630 911494 489961 257976 965453 625283 330986 32382 970050 140286 179773 345914 24321 621849 413571 685153 645129 411925 334473 113046 529050 497090 763307 362234 35765 711049 847017 942255 416663 86519 8669 76637 639480 179078 425464 512665 787618 328269 393813 161669 188852 6694 939881 841734 796003 349106 140637 518242 127496 239447 376699 384756 702369 923056 719138 551144 860944 667513 182935 256527 370348 566746 71832 803050 478583 994376 418216 998473 619856 51565 929045 774646 169197 142625 84052 577745 76447 151003 788033 925794 128561 632207 54044 456361 500485 968340 410031 336814 196870 363688 48101 771706 384420 453540 223603 679454 771449 213910 697202 974531 704092 617052 624693 64774 184104 513582 918984 30183 363318 821438 327826 976017 573243 270279 51693 474245 465068 565216 115928 944503 586748 11406 44010 967712 875022 897258 555725 764698 277605 996491 61316 444824 987381 664038 556691 689329 833666 55832 133604 89138 429793 221047 492738 757417 236071 342883 79366 345629 795582 985097 538327 492438 962427 292960 868149 719358 323129 674220 781401 451550 267249 453122 68318 244217 858476 223870 381179 371545 623240 293112 754430 228835 606645 826705 246848 93878 283346 702193 562297 802668 269252 583347 454443 905 893034 296688 923267 528232 397503 673575 472762 136885 588202 223017 245341 848271 772636 111721 950028 856986 244624 751097 459084 957452 992816 998716 962596 295831 910819 482661 119913 313125 318266 551148 870543 277790 633318 401944 357772 226000 499164 264065 367566 68235 573000 812785 394395 426266 148994 52481 517805 649251 527291 173199 919612 232971 196539 362032 869887 538375 195941 718280 337651 489806 273059 890646 7892 853777 394293 366017 641994 573477 955687 299978 399812 595516 402062 990154 392288 756839 393137 736534 457774 227179 932631 445147 326217 207917 463380 58994 63816 145579 529351 850313 307052 48573 251845 470500 999040 363202 915032 224622 689682 741670 760992 755529 468534 524543 689017 716161 586110 446529 833100 877950 123116 612383 316322 289112 624114 500940 138507 692333 490238 603161 481494 224752 24789 113852 867481 751063 137137 290874 355734 643453 329324 738998 664519 961839 3751 311698 874543 414897 637524 524025 852531 985717 273940 571631 75039 304135 10092 401587 347987 952945 393672 686443 592953 244408 276583 633558 242690 13506 583792 302649 245533 791786 865204 760508 896888 829387 615247 538081 291511 436236 942018 246044 82175 618662 512643 247482 785665 403043 46008 885570 703479 346075 768931 783186 327272 584310 824749 772567 789233 413820 437807 273937 211214 605253 125080 28350 840025 615652 640957 273170 115294 273536 275881 99141 233732 450142 540805 459046 941698 220164 73983 656588 679592 934460 59595 45440 88548 485026 109555 528724 730453 131014 899881 410694 936332 280226 592130 36599 142991 761159 111684 816801 699665 120140 231241 341051 953498 752522 998285 645948 613386 217264 534018 351369 605558 844501 657197 462751 655634 148020 986848 403333 72732 730364 224279 879852 169459 207509 199243 583902 129145 446125 668468 446566 29154 405637 924928 887695 96110 565156 699104 63319 773450 280892 682123 797012 374391 974066 307212 711896 784160 698214 119460 193211 294939 161329 636397 141268 800852 803837 118463 2982 213832 402419 983038 460487 83144 718959 142766 21101 741166 380543 961042 907752 680091 996885 130785 120086 9662 541995 98313 993391 66205 864602 105785 748844 340007 698713 461217 615178 722803 765603 266699 564924 160783 554958 547823 831974 658957 477938 493142 63785 13134 597663 779337 296085 520093 754549 987990 141325 232270 231355 460919 354504 705689 162278 153830 712231 665625 944907 377294 588272 764575 227529 208271 826880 794220 242 143112 334178 771838 293234 752376 344840 708929 883727 318734 252785 25024 223755 682034 971972 916570 299218 419430 688990 926475 976164 563060 415236 574689 628669 164458 150516 922107 202550 55417 948929 467356 727991 263008 757697 747608 911000 436350 167546 38197 705063 48538 526639 376714 339229 618394 201203 958426 564993 722454 660975 340192 607251 972747 939533 441703 978735 205950 607577 147968 976633 542589 998486 304050 858513 703756 317695 141164 609228 648711 26599 445629 508440 522308 546555 430961 195831 626096 762132 373374 349769 294695 39049 381206 191798 399775 979798 238214 421146 154093 931040 399290 450719 547484 903353 515272 869362 410904 676927 405818 135552 716629 122448 84797 234253 181336 574372 666012 159245 547123 325764 764700 928698 974178 259820 567927 954549 9985 310258 501672 990464 626762 955301 18449 858351 409225 737168 241914 294107 257798 419988 245668 893470 408980 931831 727045 226747 708543 987127 827783 507873 834527 958463 636493 157156 572645 149775 769659 293259 384605 245041 806098 445985 338725 166670 808832 702169 830877 294959 777479 634328 186762 726474 887658 397311 932176 636129 959786 820979 419271 847623 671868 133056 772124 627917 214343 396353 571071 571657 316595 904978 274561 573541 343469 440273 39802 598214 486405 355913 439553 598245 838489 660308 127752 6911 303173 332960 213800 266994 126492 902352 204902 518411 733226 361293 357255 218749 382215 554890 754719 465993 445939 374433 339873 994013 570738 360689 393883 733186 479824 629467 159536 794008 306626 619213 80568 921784 57612 966033 464983 912273 306397 105835 556153 576014 719142 421134 598198 95952 492432 139137 627284 777731 699088 172571 113224 818374 735367 489799 607867 142508 894214 806595 974243 106724 349748 693789 585215 698279 416922 641379 876481 806862 382014 941183 961791 755024 698991 290734 96283 62519 912171 304993 621080 746864 532746 159141 463636 126272 695296 434164 258716 947429 204239 908437 683723 109455 559578 463370 730060 852592 250448 644154 356667 257624 426702 709786 992822 874144 168334 910493 768062 132831 215133 666618 40130 94557 809882 194056 137883 843503 675317 301715 765443 114096 548022 411822 80912 680588 22513 519035 671988 121382 223475 264792 546165 290203 268116 475052 460461 427700 564657 524044 682835 494722 767674 149851 91635 349065 112389 215097 510305 540278 794747 385632 908325 71803 587612 310304 995677 931591 494897 71069 550332 729701 231271 551485 949631 709642 760005 758902 837449 223582 505909 40524 83795 795559 400764 292428 54475 173365 457130 7492 518745 747901 360151 113737 50276 211548 223685 61249 182986 815722 548758 557824 200760 78509 10613 995404 951844 799436 924312 819363 263459 532926 586581 314502 173300 243604 825103 925649 675171 425649 85023 815567 759318 602952 157594 191909 514439 847396 717607 246759 446582 974340 463442 63729 26894 328254 861146 872521 985115 239747 89698 420840 21596 309276 653433 340304 195609 401776 705153 919764 315620 804984 314348 163366 112959 341454 932708 114307 14682 819901 568950 407140 577642 15394 924719 368037 110665 780026 545725 852123 501449 778114 206738 254153 180832 259685 32947 104785 100363 123978 424393 187445 399062 351305 527962 109409 808134 817505 939788 115175 185479 413632 482615 742067 227735 745030 246631 546727 432435 360469 377343 692965 477890 885585 903572 158967 955489 706977 885483 760763 283431 225374 172815 820142 818615 699635 272799 207393 236034 595147 680497 449493 897142 450410 275482 974966 759456 828674 288237 73368 935318 699798 120955 950292 357945 795595 309148 82435 320848 878923 370647 218808 700279 655771 74040 853520 808727 759047 792292 368344 397777 215759 209291 762742 43163 202417 462185 980814 290318 909593 811344 698395 979122 909602 617483 299513 119148 116856 782975 418938 595584 329943 240062 116891 747493 746802 57079 164001 682760 626228 238774 141970 85969 804991 600871 733759 774361 861687 699245 314433 379136 63069 132109 686770 101660 182639 25156 700114 872693 517531 461270 465348 462345 872610 464580 862509 847420 833309 434481 551316 261995 207098 455659 170241 105818 952884 257714 237489 92354 175031 573777 156406 911747 253923 488346 666416 777330 891910 361156 692734 405283 979392 426289 406591 52067 870988 819321 398946 479909 840305 404496 850914 25117 83971 19338 474049 252630 788401 144807 208409 445538 918816 361952 423695 167386 566781 272552 454448 646989 344552 7093 505892 943179 77635 351454 775717 638202 859348 515654 624392 881460 805322 78491 28318 124974 662129 608425 293753 773567 493116 736944 173821 393502 735476 816080 645890 577625 525329 721601 70864 292065 623170 916101 335560 908032 652270 712222 521217 740825 36109 398458 218273 545863 819060 991036 1822 749823 972503 593494 520560 571115 122228 446579 677884 635814 39603 981488 904563 863796 523624 867838 674500 855746 363777 990974 622346 331637 145741 160324 888193 730991 159057 854540 181773 14182 492260 162566 827004 684007 525525 958838 729892 642946 524699 751177 617118 27124 192268 907745 904817 174680 934691 920114 622456 178393 378563 325872 856510 6230 784884 291954 761406 403068 266343 123031 777163 212513 549464 645584 556784 583416 636975 302987 873194 633910 682537 175682 891735 366690 392055 312827 685973 746706 503957 464280 792826 662986 800611 460190 703535 932064 592220 561992 441911 13974 492689 845645 248699 169863 59196 205168 254670 946736 379243 173838 771180 684906 968356 416988 14187 689149 868864 474525 853230 131621 645074 587606 836300 954687 61652 760449 939325 674992 623539 456307 286649 716118 808248 416411 317931 969014 123346 508952 909207 258977 566138 467216 358245 729835 588099 651068 832243 65075 715979 83150 755320 315877 824198 45218 214417 741242 186315 900590 13238 375811 965082 535543 988225 576137 735836 177858 284265 572210 84233 787903 530169 253736 28820 211513 539954 936157 877844 336089 406472 456020 490034 983247 825154 869485 705039 866819 80772 56259 982224 785784 506400 28047 611192 147867 362104 396089 571323 395029 728762 64419 824459 539188 558720 265162 808566 843757 769402 296173 436424 705924 216372 724022 682432 867991 94611 577687 298289 193339 280610 704113 447638 853657 858409 551753 31512 961710 548304 60187 905134 805103 44295 663210 907500 633855 514988 548677 700134 60882 523482 616366 586630 780281 95881 294523 875003 55745 371328 519050 956152 809931 197611 437021 399446 563487 883239 680948 191531 682552 64499 326455 306765 337319 911558 72423 776531 746140 780523 552813 114784 864343 430712 793899 34621 303326 68710 245873 11006 625702 26064 710391 256210 541551 107410 450944 69646 744188 136247 145640 666720 944272 681721 988032 957418 863389 702757 575331 852162 337011 567241 390598 74154 130879 641827 924073 639892 410417 785855 529667 702208 217793 539811 779747 651594 311503 752822 253422 724616 50610 701956 966312 899320 989785 594554 232318 968558 996222 65823 722787 891915 482145 844736 578099 801262 892783 538199 373795 639309 777478 891062 715140 142595 230766 939403 80982 487808 404770 236195 464102 737110 621163 340526 568699 163249 130272 181751 339183 630128 279720 316610 634230 693752 110807 307039 241968 469600 931940 579790 191835 419029 629852 1680 93202 440550 210531 314739 213417 482589 238089 726217 767713 194976 367136 466301 888086 478504 285662 28999 90450 465079 157472 822688 458565 156713 569989 591053 375826 575756 426742 302333 254911 536357 651299 970747 507487 741654 204492 68998 39559 843086 993360 200231 640986 206730 977343 646393 348265 38029 520163 934183 786618 827551 258666 273561 576089 676104 448902 552041 935918 635521 846663 364925 227362 572330 717200 589528 208631 805607 566027 586553 298695 997880 396282 364357 129311 471838 709711 600163 370303 211111 329820 395616 913097 246767 419267 376847 128310 329331 125237 843628 969400 1844 738009 338271 768646 29467 543487 209918 24662 2350 875994 381733 355454 420879 520785 19211 416617 637724 610115 388530 642409 632231 944695 770908 822503 135424 948711 159075 828039 103065 707999 359014 326100 39925 884334 625989 679993 214458 410245 211269 558779 851986 398832 311674 190358 1236 245995 147197 271851 529582 802342 340255 446301 198094 686399 961379 37709 573484 525543 763149 928014 721645 325404 369826 592963 520893 750046 88393 324269 897684 650943 679766 841642 96212 933592 416938 472763 142795 288395 806855 740530 804717 901008 119094 744317 111193 665372 209019 443857 32790 840806 636450 200068 703610 233677 155098 778160 633527 869269 237772 356042 545204 751131 216640 112309 193712 495252 668275 560345 629579 257799 625388 816492 146956 933731 223964 213771 436287 676147 2836 885947 344606 951758 40952 279817 50486 851065 683915 706933 550983 299287 566766 249493 936372 642838 158318 801228 217738 707623 913708 704480 743724 882540 715542 749694 244968 508946 156547 924650 18946 969275 983770 29197 517777 47480 739920 31409 675725 713942 809083 807679 213799 698947 288373 463354 789530 800540 920674 507097 212818 695300 522109 179142 740292 574225 272100 776700 535876 710243 244848 278426 496853 552960 407547 277401 463863 894986 769541 244250 436837 951706 957729 35366 672965 623341 757719 443373 456299 100153 832429 222035 566106 892288 340603 192845 3012 944275 611482 533747 687973 17980 938545 988773 467506 6784 991709 603311 52728 423819 617617 612860 415749 811386 996688 579191 774766 835206 538879 882476 944351 921896 973981 115611 196486 376976 86688 15429 235060 350247 345351 97139 309031 492785 121613 211229 942089 74262 572075 117008 584885 635821 943627 351659 970449 121604 147080 651165 445350 606556 938927 795595 470550 993799 882949 163811 910020 259936 954679 811060 67496 3305 162036 272706 168462 573310 747320 292862 920731 804477 248187 384961 603742 155771 361729 90389 998325 322109 27297 900683 517933 912942 130639 750544 334159 738923 247116 567286 199299 132526 106434 919334 873405 606739 308434 805548 173784 532509 659652 388617 802239 934152 86366 204887 915189 881358 705176 560356 767314 99594 231715 816558 780542 997273 326374 198089 523816 879994 540068 965682 273646 29137 267762 735126 943703 2257 372216 56405 508047 663962 232847 948625 291787 474382 180522 721611 817854 332340 170136 966802 546350 539048 377300 495044 727643 136091 53894 711233 70256 902382 956918 125935 231310 107864 647909 616279 19784 895883 589602 226705 798777 353236 590776 246719 9331 377873 177540 240854 611827 782725 961449 214057 583082 39048 219383 907603 548308 411710 921519 410744 163751 184797 508242 770457 935960 590713 140043 60071 944017 662610 357879 93896 727225 126793 743197 33939 800521 311941 784431 932684 336666 279244 958418 239865 367497 252136 847381 60208 269530 141735 30379 701049 85533 618524 922400 203737 476868 827241 562024 343864 227470 758233 535494 781075 66532 695887 679100 714815 168818 771187 183521 584664 334754 793843 765994 775622 139435 867320 140097 173784 224987 143920 404845 823304 779520 874824 323223 536735 769460 176943 141490 188610 74545 177743 698780 453006 663141 635695 484954 449631 165383 613432 127779 745986 250365 633188 851745 443859 61104 116459 178862 999869 483717 763097 588120 358539 996313 901240 488843 193163 837040 658930 110669 504193 325570 548716 283021 901282 217457 778365 782397 595929 935832 240830 257805 790554 607522 503683 90365 40776 200306 840448 362816 487764 814878 834189 697330 654154 36919 130547 426865 880176 776784 883768 614393 6647 982541 797543 369672 213427 869080 26946 927346 648145 240092 478302 227081 224706 703775 907102 48562 310609 383624 654335 806202 48973 83901 11181 633114 495661 745297 988776 228388 350735 112832 384180 475520 265056 37745 324587 65861 179393 331281 190116 80113 600443 836392 860956 127385 240415 845965 403717 15214 838647 682464 428924 639835 576318 987671 529997 371237 557353 692466 705607 990110 583979 947767 570200 693768 510297 41710 437090 723685 493764 96602 878478 884511 60596 277148 398041 290046 785862 510789 935047 490706 634370 684448 855045 751444 485936 571834 201666 196823 372116 682515 416419 522112 516720 248140 820104 330220 197441 66043 155492 376101 960928 62093 7912 536655 498017 207522 168597 900902 39120 985143 476651 863952 968132 871571 929469 618224 586403 985263 401470 41664 609943 753647 949021 757539 48897 243063 903334 710753 331812 191993 386572 264008 51683 686534 529632 66464 888042 331183 46050 217157 634829 685022 319863 770860 456961 340999 50323 278306 396333 563796 185570 860433 953211 369002 412086 185666 547355 661885 851627 895041 285089 970788 195446 957506 1013 962565 399414 854229 435398 865994 363000 869040 859722 452000 738858 256511 768341 300043 270740 786131 296895 444385 216191 946908 820651 359415 22707 191220 665683 208989 771631 154884 141803 497179 823650 772298 396045 821090 133920 378668 564087 517862 195169 614983 486263 616265 258064 121992 782451 623056 352349 957277 878448 861352 711576 28460 291400 417359 667830 464879 747459 330796 134714 425581 592243 712639 113153 264165 271646 430991 361345 31505 46265 415965 383194 35437 21111 634860 633519 359662 315874 585241 442821 213984 516325 258332 957737 85342 791094 932330 856662 259482 499092 933749 815840 491293 452894 4816 213172 268690 318902 763751 381674 285943 912906 182726 395289 297259 540536 475341 334395 676037 385525 729978 645862 418715 223281 745741 559837 621874 567628 109323 27280 834856 584070 456615 611400 515910 520699 761270 918478 902039 296032 165196 492773 6487 40959 9910 327711 836192 499594 206571 943811 78011 865190 256890 320397 168617 166314 916043 841688 24519 799687 449046 980298 310123 380485 868026 652542 767782 292312 427845 399912 283828 572066 277173 159872 86955 584365 266627 41773 298056 522761 368344 350750 455025 848867 683585 374060 446644 270368 915093 595575 430406 342764 60428 189434 670311 123000 402212 984660 738233 948205 179931 921936 574783 368406 453648 560882 382325 443202 363495 461834 95323 683987 80517 929169 557914 796003 298107 680326 835111 346735 495769 845841 923769 420222 139011 168550 309018 333224 139300 218065 320299 420693 832972 302603 818677 667186 674273 152671 970249 743627 507868 321968 33427 772564 775211 748340 686327 299326 546793 701709 461218 680128 591688 235374 727768 70716 942193 324814 344424 836870 671661 632574 858437 461813 70549 863632 2225 105407 11473 662361 467811 301095 502849 17019 125772 675406 87273 603632 444849 81448 26729 461834 351263 77264 16200 461913 722742 490712 698368 709931 746978 387502 484811 751746 583752 89500 445708 202919 23124 793012 264031 866238 357662 133803 923045 948522 268272 244271 645021 745876 235799 253003 917501 950662 989996 539975 281203 712297 7028 727698 808358 113226 648532 147848 311059 101683 547008 487220 782487 938042 620891 60621 47160 845862 844902 335662 428789 996274 19859 24554 820942 761625 946839 317916 985518 472265 333306 400183 684016 873620 608737 567178 998830 71477 451975 595034 648216 312104 159181 972998 605579 875068 902269 359605 147654 804397 398135 571799 860967 213711 200745 634516 399297 786368 112050 184577 894826 753216 677103 446933 960886 803599 492564 11099 281313 920780 315561 865411 258461 887331 511242 277523 481751 611081 264624 528474 813946 21268 433685 145328 391084 697876 595214 163836 428520 15778 971585 145369 187679 257381 547847 808426 259769 51113 186201 741706 363358 342535 216780 690871 72262 724646 516484 774721 890643 654253 618191 527515 26451 456651 137967 272964 902788 814338 309468 246351 139777 573927 408405 722129 134048 245002 11311 184272 669461 741729 569190 309102 320403 69536 783973 79800 952365 6553 269433 48390 835540 688465 148400 50007 146621 6849 912429 963250 640847 907152 781478 867890 487809 57256 116219 714269 374884 108017 205228 483851 980885 917297 221932 498098 273152 332844 121221 271542 39381 65484 354424 388764 102502 988476 649493 531396 162687 603371 209470 220897 799217 432608 30034 62200 235459 300160 324618 70585 293633 779728 949752 901368 23856 135095 262024 562998 962107 322799 196111 91031 600511 790292 438286 247270 406216 340311 400472 501236 7649 997062 472078 672526 833154 450230 812788 398456 91028 157729 365093 845185 284242 382699 412424 713594 458070 149204 244979 948770 399660 598960 675141 524812 533353 196478 614561 870989 703847 110144 608855 195151 93603 635890 37120 230658 861402 667617 288886 856110 553942 868366 64677 985186 935508 30267 813549 575427 98840 832246 433269 426305 831342 711864 545653 795508 514120 783240 677265 311524 8221 203564 585807 312541 273718 373736 744013 223398 922011 66475 705294 315404 286890 135402 834926 855015 407761 395566 935406 662974 428253 358473 139541 338515 453191 145974 238724 300097 7744 609458 337827 75433 197408 752111 624931 499911 761012 925665 460449 192502 79397 319182 256316 746464 280962 255337 449729 706356 243772 911672 326025 714141 672415 953046 824322 639755 71623 839702 106104 367021 194829 104648 669125 447504 989266 250961 681198 955631 460500 381213 971459 792992 174655 529897 392777 147424 909618 430974 573332 234705 230803 786903 747426 639986 498155 225033 691667 382150 699970 986086 740013 468707 572467 181052 679848 19445 897099 524704 409167 684553 159415 759437 156898 49059 392243 810866 245979 889997 702356 592398 137890 814639 152808 646271 258516 904515 369994 542680 659317 341976 161883 458101 305985 50284 106322 796227 263953 642258 103945 798496 651850 85950 661515 895752 132151 235231 717458 967410 164939 815794 184534 586617 614731 4346 505810 384018 361111 374386 22180 301840 955949 616958 71375 163219 554131 41997 108003 950133 415680 92859 447135 916904 673225 143260 715019 336594 350594 538261 449677 943489 851912 478518 601635 64950 963015 776160 256243 801958 589510 183589 793587 585007 231065 757345 212741 781035 474454 294746 977035 140300 994798 370549 227622 795885 255189 576664 983937 268885 682913 135548 439872 255417 178655 83002 196453 391719 584896 142735 488561 43943 27716 601413 429217 505087 49761 796736 485073 574024 254566 877117 853654 704543 84542 915173 288959 231479 462488 329102 477733 107738 833512 85880 331391 29366 555522 383748 386337 196963 726773 463658 518055 527096 268417 413821 587805 823418 844992 367425 163172 223437 177174 294134 73643 695774 111637 627442 220433 447262 655942 984972 580081 957012 197124 568599 450932 739961 131843 304794 253222 928020 517111 30349 310653 579794 295082 378380 332395 702670 547032 687158 951661 74962 291092 527160 36539 655629 196085 586839 859441 245029 219879 713497 196312 8518 675257 802486 580905 260148 259204 330701 157103 177419 844336 29091 75759 582248 232086 539155 843935 686698 727712 916966 326845 80412 237954 723243 783522 339347 352016 534525 62460 262250 286776 300591 813503 274524 688171 216908 843377 976489 805614 597169 889394 8836 422300 494580 769692 615712 312614 755298 571000 137850 911131 174491 597335 306206 756517 730187 753196 101869 900631 777709 138038 42727 599472 739629 722787
