1000 100
3988 704935
12349 743315
4763 960062
4631 708190
13814 668453
8658 336632
18847 240006
13929 724165
8526 837023
2451 262230
2226 462597
6027 532399
9345 413215
17842 40555
10771 536447
16548 177296
2754 562664
18419 475733
15593 263810
3715 53034
7556 132097
8925 449995
18672 985698
4140 507628
2395 652784
2971 565668
13245 474337
8209 821152
1884 928932
18033 655748
6587 420845
9714 746261
8556 457292
17896 287726
17287 101745
19062 396929
4726 45985
19619 677595
1434 697154
9125 248581
6536 537351
13173 51281
4614 103150
10286 913810
6957 205215
6545 771764
16877 352364
18032 222117
6546 206138
3766 255944
1289 696036
12254 301373
7899 417688
18687 852141
12408 873962
1985 431679
11467 878672
11010 744647
15161 558786
19545 892959
17238 217063
4003 177738
11297 684513
2988 827897
9311 999722
7296 612954
9498 176318
18259 633574
13031 871762
6668 198738
5354 119767
5554 292731
15221 335149
10304 580588
2452 709549
13993 748052
11006 36513
7346 826340
1926 264073
17693 591684
9681 886461
18425 601163
4774 575947
14828 770301
8678 250281
11348 729523
9647 769560
15826 435302
2494 771441
19968 17088
10154 3647
4787 855752
12142 271579
1862 315546
6538 877324
4365 102131
7658 403682
2249 414637
3105 71394
12712 355627
8977 699190
18151 351065
956 294188
15288 489151
18443 494982
7914 777025
3824 695790
3190 551138
13816 829753
13777 711460
15706 275583
10607 61072
7344 147017
3412 243796
14523 380934
12274 574946
8549 242711
14877 161112
5551 575244
14449 644904
12513 872386
14022 533242
16728 433634
3258 615726
8678 501307
17241 694958
14556 388148
19411 703829
16228 599289
11700 40721
14810 760006
3879 744672
1569 357199
14826 646784
2910 989862
2964 883380
10888 532715
16729 21707
16288 360439
8195 12152
18433 94679
7297 191433
1650 568530
19975 260495
4632 435700
2075 366250
18002 701194
16880 941888
4208 682824
11571 861622
14420 553035
8991 962963
11685 217909
17547 960739
15587 20102
8107 994855
15138 879540
15771 604905
7902 391525
18633 237269
11073 130407
15305 40463
13941 230419
12064 424891
5255 451885
18898 397827
15324 796792
9182 798883
1079 916269
19399 716295
15931 326811
9479 750061
5126 388497
11638 796132
16581 4642
1506 421617
3504 177954
14736 881350
6059 900394
8489 173484
4993 562051
16241 470020
16737 752462
5505 471853
968 281776
2528 62614
6019 679118
16672 949361
2320 7455
9549 707519
19156 454452
19704 840024
1295 778194
14474 843882
4450 937339
13572 786161
12672 664169
17888 996788
12029 324002
11548 911245
7829 327459
10969 327614
16376 493823
8257 428173
10828 873188
9065 223933
17033 963753
2755 56846
2878 350925
16630 79769
12546 599813
9417 81863
16653 518568
3980 639048
12647 333586
3660 878681
9530 828950
15217 123443
2152 833445
15652 543528
10519 481669
17700 24284
15572 743706
8682 973472
18580 660304
2490 919251
17417 280350
5679 450449
3241 753542
6640 465118
5148 125529
9222 600313
7484 316048
5296 574340
17889 88087
2540 434563
3590 417265
7558 117482
4233 477850
7164 5345
11214 791853
11282 32065
14997 519579
16980 618535
19078 996795
19142 349647
1487 621679
7350 110736
3882 720137
11986 459096
10727 51097
1042 279591
4058 683252
16981 909141
10658 474502
7868 339218
14531 836851
7330 695481
9543 553599
11876 529025
17005 851899
7320 552031
4396 786241
1385 116363
17707 718076
17233 882560
14807 761719
1216 620404
9135 600513
3366 75077
18066 171987
14879 868856
19824 559700
11761 667857
12768 597793
11962 678470
14569 523344
6540 427709
19310 49502
17055 911969
14414 466767
14504 473602
1504 140682
16565 831325
15145 458740
11856 693401
7273 153409
1451 653539
14441 333438
10760 81767
17342 522392
12814 870458
9652 827292
11149 866809
18448 360160
10835 633278
19951 33151
3284 448283
12146 372499
2746 260948
6276 921422
4953 633188
8527 259004
14154 532703
13127 815932
14491 289181
5750 913649
5053 975568
14739 944987
1759 979962
11872 786161
14139 10490
16491 926577
8849 550320
2541 198364
11187 354112
13705 891165
7922 736519
12394 46412
3920 52278
16587 856633
1427 697955
9196 463183
18229 538430
919 894604
10775 37335
10428 693618
7167 39810
9819 716313
14899 942968
5912 975000
15701 610727
3020 365427
19930 701314
13660 644791
14240 562406
18854 877864
8696 543502
11793 732005
12813 739215
2628 933972
14386 745620
12081 581596
11824 821007
15197 269204
19904 385777
13621 937747
3562 21274
6788 484918
5344 996553
13446 370586
15221 539097
16202 772558
4022 339039
19673 927465
1934 14810
11762 972885
8017 174153
16081 208402
1543 861141
7186 328690
12798 932872
7951 529804
9108 283289
17636 382966
13628 558924
14516 342168
19258 259036
5602 150090
1182 357833
8745 329827
19982 14214
2479 900447
14463 302229
17618 376296
13229 461154
3817 352008
5293 283162
7961 983063
16043 47398
11485 435507
9737 274841
18371 118086
1033 17453
8919 126344
3156 265308
6191 741216
5398 642023
16953 167876
8239 537749
4836 533659
17935 579587
4534 381633
9680 538594
15380 31351
13960 297524
1036 931024
9388 345794
19741 572259
12327 256709
12693 265883
8018 204744
13844 396493
16614 663032
4740 358013
1836 922608
10754 226416
6673 563672
11538 330826
1039 778646
15270 61436
9934 509529
4151 613891
14827 731522
7694 520231
10281 986439
8204 201678
14856 18167
1329 578042
1164 113057
9134 920503
6078 409513
12383 743028
8597 220751
9896 771217
19128 446314
19872 407894
17566 555977
13013 939101
10111 627150
13632 854770
18553 615110
1561 730773
1394 829832
6094 464851
15249 839127
2763 127356
14242 176676
2662 805047
17021 257956
12352 113765
3797 795614
3562 669216
1832 531408
8388 489208
12264 225475
12616 467316
16479 871011
4877 614406
3453 405674
15606 898936
10468 308426
15782 221303
5906 4555
17382 700050
13229 656084
13004 524108
3554 590605
8993 850900
1704 153688
18668 73854
18789 2519
16031 843222
8429 154981
15551 307439
9891 625305
9515 959344
15082 146198
19892 376603
10966 486744
5449 545623
13374 897219
16852 111184
2775 736138
4391 69070
10817 996252
4222 354067
18830 381353
14946 996247
19266 954943
5517 534085
2382 578050
8810 637367
11650 725688
6995 851216
14612 859402
6836 138141
19058 850256
18995 213602
11048 636696
3951 999856
16862 297984
7266 26354
17694 772224
18543 437430
6493 226272
18326 613909
1283 451078
14308 239006
16662 759756
19871 942621
17706 834068
4834 180225
1728 719716
2101 53367
12062 971811
1301 568130
16879 119167
13413 887195
7542 30174
16095 182102
19404 324100
12704 48131
2183 343862
1250 193923
12791 722084
6636 294575
16181 413551
3062 681039
9090 706904
9113 57785
17097 589140
8184 946891
3584 220570
16768 897134
13278 330254
10381 575100
8765 264516
19087 191553
10776 173351
2745 852156
3403 134443
15498 78583
19508 802293
3308 271861
13194 457797
1524 260668
8108 506945
19804 330143
7824 851573
6751 185629
11428 313853
4735 255002
3248 666469
8465 993512
14787 774043
18796 606273
11196 667019
8108 897636
2113 799189
4633 411109
1950 796818
8103 26114
16103 484814
1824 290465
9464 747423
811 444301
3548 643340
15071 612225
4798 690724
1783 758258
12306 439470
16544 312957
18069 973123
13927 280370
15534 43407
14515 749790
16435 118826
11454 511173
4919 587700
19038 904094
15778 407126
16830 406564
18547 594935
19795 193685
6814 354304
15045 726607
8160 971226
13600 595386
11399 424489
1036 245870
14468 691729
8682 505041
9426 661052
2899 263706
5725 954203
13470 608261
2407 681447
3596 281119
15090 116694
6365 118708
1770 130312
13991 419301
4399 497392
1176 878430
6099 946126
11934 708353
2990 458991
16205 425389
12435 866592
13853 819329
3072 149785
14402 794931
13025 470343
16523 543377
17779 206588
10215 899968
6591 160731
3649 880012
16069 381510
5218 343665
15058 136662
17211 925246
14126 156285
7266 10888
1114 949423
8690 424368
6007 66044
10233 706207
5463 353364
6118 875860
9028 515163
7661 702563
10789 504
17350 250528
10951 418442
10370 573171
15794 302113
7643 733175
18186 125779
14842 641213
1448 597105
4686 964585
6455 934570
14786 935569
10919 470273
12082 923002
18059 269280
8219 660144
17104 942191
16462 188981
15610 187216
2553 455746
15346 60514
917 152852
15873 440589
12623 198166
9414 832689
2048 750923
14834 324586
19939 904536
1969 895497
10451 13099
7071 37622
16669 618241
10372 736454
6297 489466
13485 743218
11060 607805
11121 274367
3615 985473
16309 288343
11917 796071
4926 191850
3525 972396
11048 821744
15505 156339
12412 124213
11080 920189
8840 522481
11888 862772
10995 140526
14137 542278
10670 672922
10291 135329
17823 40971
12687 799103
9919 820082
18721 256180
11703 238042
17388 251055
13752 732006
17480 584618
4859 283988
8909 552162
6158 838167
14537 972440
12347 861515
15451 825110
940 468350
5428 136202
4134 240687
2081 39378
16806 768394
18933 502910
12292 93570
19097 155360
6208 428626
2905 146738
12108 629653
13209 329849
4813 886591
4345 415676
5937 388451
955 59280
6763 254201
7013 949225
6786 81316
14871 588883
5375 74924
15674 848648
12966 924518
4026 339118
18456 681738
17058 683655
14657 364580
9858 99872
3140 820330
7002 624063
15576 577296
9558 874280
4028 972592
18476 544028
13629 591907
4956 250693
11537 565585
5047 743615
15644 29390
9874 517236
3454 482813
11290 799974
18631 179241
18414 225590
6156 404214
10376 681990
11454 138840
15439 481980
19181 701915
5676 564679
1146 785169
2158 223869
4755 548745
9112 880483
8010 196332
10044 992479
19658 648602
3441 641001
8666 537844
7582 566377
2525 25769
9941 782557
6531 558979
18980 195373
16734 455161
1190 261287
2466 555202
10215 297655
2178 956448
11992 670770
13770 244344
19641 706491
7038 78761
6545 512816
19206 386866
4783 81457
12358 7624
4470 786281
14548 843616
1263 745229
6819 548
11045 139728
17938 226951
6096 323400
12792 17327
5733 618506
8801 60492
3329 635635
16630 101564
17600 757816
2978 73950
19412 235300
2994 297963
10331 37555
9614 859611
13290 641879
8095 472622
19871 50383
14385 603349
6644 912500
13970 891003
11853 902932
15938 885959
9786 211966
15588 167924
8893 799834
17591 356951
1274 692689
17260 772155
6655 6781
8629 807469
3627 335724
13286 27982
14735 328595
14247 311103
15744 565310
4633 259399
7187 633419
13773 123898
2751 452050
13176 16954
4676 404899
1448 911942
5777 854777
2411 297757
14542 658485
8424 133747
4252 827128
14466 354041
3047 73792
16688 304853
16940 580272
8939 196270
18538 189715
864 466284
2992 504868
10184 619542
8559 288338
1146 412700
18298 739177
14349 863404
2001 192411
11220 939502
18991 23977
17739 907752
11940 663199
10914 382487
19713 234350
11540 141048
5486 89907
7317 430842
10581 35744
19605 12508
17503 536942
5336 627889
19216 372464
4417 285755
6388 528890
13218 457994
6713 203622
3717 573947
9804 68529
5178 868545
19422 399445
3988 588190
3229 314677
3278 99456
6101 778315
4551 414719
8629 776249
17325 132565
9545 818956
4718 162555
15704 889746
5612 792034
6966 963676
12744 136257
10716 865779
10110 709036
5907 892610
4938 277729
15816 685876
19557 877932
11278 772993
18835 192438
12837 553307
7598 952141
10501 69280
12349 514104
15623 439888
15855 271681
11417 182569
11834 360822
12630 293319
16190 76625
1925 395873
12972 754050
15373 26048
8143 462556
10948 84520
4582 630273
10974 365345
4322 931593
2417 619446
7185 787312
7324 985664
15950 9373
19860 354188
2224 847188
9798 413941
15613 567985
10550 514390
5131 490246
15386 821764
19357 707187
16764 961060
4836 224572
12343 814523
7537 612064
17406 861361
9345 856699
13088 759094
5470 698097
5870 716341
9002 733557
8273 950718
8250 377866
13720 649338
16722 147681
10093 66742
7730 472276
9998 715823
6244 214680
7458 643154
16754 65379
11500 558854
3826 805765
17864 632482
12737 843160
9420 210505
18390 250664
8449 149484
4893 793761
12289 955187
12519 259236
2701 265709
1028 624179
12986 902225
1832 214467
14443 545032
5445 295915
18393 661008
11510 88338
17229 263431
19197 451546
13796 82728
16016 587852
10565 434525
13675 828339
19911 744825
9040 32375
14668 578917
17561 794660
16506 366311
1949 482005
15323 225787
9509 764064
5304 729184
19007 842760
18587 379461
13781 46194
11053 540614
18942 936373
3036 238219
9008 414119
14690 114091
5676 283738
3469 877269
2888 17101
3561 476689
12477 606190
9937 312680
18837 171717
3140 874604
11874 746645
2095 523638
5654 386791
8952 930039
13884 367856
19944 330963
10852 55917
5337 7396
5548 841620
7443 153852
7599 712073
6734 709453
7993 888337
3696 754856
13753 183462
6953 15698
19981 813221
19951 569355
16507 513031
2719 300980
18225 807438
10148 296943
13453 616825
7406 329573
18747 524428
8613 323050
6007 346187
177 411 686 325 451 508 312 665 471 732 695 834 621 705 638 817 770 364 705 567 489 252 455 289 956 45 515 380 404 16 767 676 830 787 117 813 552 922 937 527 594 2 663 522 357 382 487 539 491 529 987 399 271 822 329 597 574 371 799 967 464 604 989 705 555 121 397 112 849 494 938 781 256 972 456 691 245 6 658 791 413 593 821 869 137 635 85 402 951 997 826 549 367 140 898 367 167 51 767 180
