100 1000
852871 301234
858718 652969
429488 15859
472475 502330
186810 166360
73853 21109
997587 484358
184281 340752
12517 875640
328055 472940
276332 665315
363803 923846
300772 835194
360586 130406
515371 625607
148583 647601
990556 722952
169033 589032
704629 970227
705613 205934
883348 254930
268143 712176
957982 629901
262187 656279
131327 448834
486225 652032
33969 232045
454979 40585
43976 822489
369943 356205
837555 26840
838104 76293
404382 563241
233165 939626
91694 367497
943163 984756
256684 893114
84426 914121
445563 824246
362798 789397
271365 410856
338404 716132
117069 153146
205588 208175
210384 751125
607067 908857
74897 164623
965209 631363
610044 749513
849591 676559
842480 900212
849006 298518
24256 341317
86488 643697
662479 258203
781828 196063
748407 992885
567641 785730
209824 136264
677190 244866
236898 82039
964005 146917
146288 240434
378206 92251
189777 83029
993709 6928
252688 841167
796633 829931
358629 659305
227864 350648
134427 795786
526384 638886
157189 297572
210950 362030
701061 280442
78807 490657
509970 263623
526427 987710
720995 636272
628472 281548
516832 771416
336978 500582
618265 527707
682988 574644
347555 60187
285446 346674
195180 552605
765892 113101
896533 682444
516192 821703
403560 38665
51762 867753
314095 431314
597184 888380
210166 735952
490057 280772
864813 956169
652570 127337
973505 539899
465509 765770
443422 535568 503703 446193 124853 213536 83848 318312 979617 138938 693092 855758 611822 759508 289679 601748 52823 402574 81549 197829 762086 537140 339549 894037 181882 210206 704767 543805 464560 630958 551496 937203 354435 614783 743917 521287 418153 61608 542409 812095 408071 637155 920793 650160 433726 534874 413316 132266 121085 96741 281481 894672 393313 694872 473458 912838 862551 815513 136264 493984 470262 412327 624827 368116 807885 465611 456341 306939 202387 984228 602782 473543 322510 983574 372825 924278 645333 306208 821471 917947 980786 526496 174310 418194 902467 671358 263043 588954 326310 206446 965669 965981 700291 31634 118779 207280 561535 131294 523006 522705 40917 442634 431542 348434 569346 590795 800067 427188 823611 544703 179353 189455 583477 568246 800901 868611 480619 907703 82387 704823 989188 152691 626089 40549 728999 435062 221409 62680 914975 921518 225809 301921 90234 589220 352409 58110 866213 643700 940379 464078 868589 990789 798391 606554 610032 706546 166973 488600 217198 959600 56214 433835 267300 299436 841569 860811 590239 548650 911557 249424 260609 758393 275558 288501 187508 858200 447455 597088 565435 737287 277711 856645 903528 664802 307452 131811 26248 954186 903181 535251 332489 408397 219957 552965 62312 313763 327437 296494 878596 942119 239322 649096 626401 818744 915490 645434 711615 817337 311811 52935 783682 856483 449431 12108 964064 466468 862853 708426 58569 87770 539755 722667 386703 96407 374476 92863 51086 449674 661119 2163 380580 754798 39024 981511 699142 720962 580069 202707 377064 4193 128725 55946 901066 913032 800714 170606 245354 865144 516009 755944 397246 167490 141768 886415 97862 129884 191583 290395 450602 30776 349622 855910 620724 664077 85248 689808 719817 35937 83706 313813 46469 181838 801219 849582 135513 1701 463958 78277 995546 729477 750427 812407 469663 590925 914303 89463 793678 510180 479916 190831 838217 450047 728281 853136 652623 383927 999525 623238 571480 998771 632731 157575 429703 338686 473209 406827 331632 412636 375954 544611 128784 13632 621044 214073 482179 179585 291931 268070 387554 402266 854542 428034 339916 297354 279348 224040 955960 325891 370420 494747 236964 445668 643941 663307 659719 170907 567211 68780 553840 705251 395472 881646 463136 767905 441326 970742 486995 807624 421480 811335 465273 961442 727671 67171 264405 649630 387445 726205 353225 280164 592785 417544 335690 769424 242235 293032 391833 236595 985302 228056 380179 707935 644591 898434 777633 275478 612437 683312 811650 87430 388459 95054 60179 903686 824195 258829 531928 418073 925220 352405 729392 548654 881678 67190 677558 879703 686231 365148 475391 251004 868178 325181 150968 281985 68793 590497 184324 861083 430090 72862 261187 116317 30184 317425 926299 539583 189471 685725 394907 187607 19298 58448 455310 713080 821764 906148 808527 55176 876978 686200 278628 583073 794188 563814 106651 657702 909029 810043 691974 399764 977815 345321 917332 659216 363068 983085 110558 213306 62355 599345 269133 578147 28650 315264 480129 246805 315495 428162 906499 140557 270697 542547 788354 682594 5569 134895 821507 377747 793498 652748 499834 541774 14476 72832 2420 601626 680344 910797 996444 692179 477381 916298 399884 22489 699728 272664 164871 991596 584275 288948 177621 593990 184749 819345 787670 777880 64768 685424 915275 609853 455200 227796 780893 229791 288546 668765 712195 522287 49900 277597 819819 339861 623202 130001 188407 822064 515716 271298 787775 907436 234061 270467 256878 264195 185021 521126 272560 730846 21964 753082 6272 370638 189513 186665 779491 192134 33356 32345 635744 340038 299186 210178 34193 250766 894900 398420 367486 818667 4598 50900 126485 904989 880573 246643 659611 530189 612337 779156 826760 787764 816 620910 380235 225220 411946 952195 564493 649664 775519 309383 659066 470055 235134 620136 492629 193714 17542 367704 781327 822325 806302 457612 991765 113977 103402 837893 256145 676645 230786 893132 380496 997634 203949 589933 234501 208155 710437 214421 352733 995038 273888 584689 631243 107211 91736 307963 4491 755160 649983 103177 928766 966220 603103 900385 81603 427736 654877 340484 492871 76331 971430 432878 788639 304844 512672 99009 51827 710333 225456 166542 958440 479280 188 154367 107341 727090 347528 704664 180050 269657 91312 854559 744552 236789 421320 464944 40267 178125 721940 520810 767897 91692 617043 10214 447927 783798 385937 16747 68885 677533 620054 186698 876330 792744 581675 449851 123537 684259 554411 76961 249866 695485 694049 506491 342569 792955 699642 935069 790328 379490 371479 693948 513607 958129 791995 866971 376623 681243 58456 38297 249691 578452 316759 785999 336752 816716 532656 559730 608733 813548 231595 867234 253204 851049 514562 665283 75975 455161 742555 72767 267567 981482 451582 882291 486866 535737 648676 323022 325861 469326 192822 452694 763786 485706 70660 175550 503304 455717 257211 174334 713701 583745 159507 58478 991123 61997 286465 941936 842906 602439 78890 474446 897160 613586 744313 895039 458531 984007 157257 875554 620317 267607 489778 83284 583416 581197 715616 152655 931790 557316 621898 20372 955957 484703 856461 738119 103265 828395 315999 91687 405688 640422 186560 252717 862212 953543 903370 781542 579201 841761 370220 850563 975418 868693 539140 142907 941248 58374 72297 621112 296593 643729 510188 552748 2203 905267 804000 422919 490735 591637 414278 933127 527139 80068 255762 601482 499188 739676 628460 332392 970822 564986 460075 747900 32744 149291 278597 966460 375205 548092 14796 402773 206866 579733 512584 455570 629244 44266 765721 625590 174904 542577 171675 609837 318968 321673 925327 69700 892264 802671 521399 405476 747189 910721 307826 998458 645173 153965 665250 208637 623209 184992 134248 409435 396640 108004 464687 341079 628591 473469 728661 886265 854710 191902 59878 285671 441751 418295 215429 176702 18131 512250 686603 942895 293932 516697 771451 697902 558846 602755 483284 738662 370638 321028 380411 595606 667941 77129 31887 51433 200934 569046 675757 12627 329979 483737 650828 11371 965839 545865 280100 288589 635721 457666 962824 777663 385785 206129 921610 261632 88260 821175 683228 696957 48781 493688 786348 48574 361497 509469 453019 461932 456017 796926 455267 166040 253164 436868 148220 988178 839051 274370 641422 290304 903349 696097 968691 859027 661232 544726 66116 543883 424826 39133 337275 232894 939071 447372 900403 596723 37550 454981 472244 373742 248036 230498 648059 80113 708465 952066 408261 185647 539222 134804 942033 804196 820298 434324 396023 36742 257633 755691 990199 813215 885273 910143 762636 800293 21422 933831 442148 856517 317742 323343 333076 549125 119060 417579 186418 88678 73060 287267 686227 388079 644599 172873 402312 923982 805251 546515 955302 715804 54115 719993 681548 86310 556818 218049 834775 499329
