100 100
918 395569
815 222290
834 230009
851 288721
973 995726
825 39483
963 112957
976 793946
904 153043
949 893702
811 483762
817 195510
892 973194
886 960637
854 291610
952 891886
901 445338
918 20382
937 623601
867 68517
991 415237
896 1368
825 889342
877 58466
813 295547
853 720922
977 118695
942 720499
941 740364
859 793632
811 347090
822 737634
806 747105
867 185079
987 144362
870 155602
855 944825
946 138620
892 254431
879 868475
810 100906
883 57453
892 604281
845 627564
969 482598
824 817113
897 660754
825 370350
943 772296
891 764833
813 592788
874 41717
888 270957
954 162887
871 453196
890 802784
838 522626
938 603783
881 209510
909 254436
957 425766
952 169370
901 876974
932 544192
913 916046
881 594
907 844948
926 697865
879 267090
811 238458
874 941260
936 196401
952 118068
990 703517
846 501813
873 94573
832 436765
821 703290
970 950875
897 765162
910 333185
862 677260
828 578699
927 490934
994 24887
827 573716
850 923505
941 361072
826 967590
841 828049
884 89310
816 737558
876 249135
832 505738
987 408203
819 687473
954 524393
859 187394
879 39812
961 876820
245 702 513 91 489 780 882 271 85 210 716 27 292 471 217 43 230 213 824 117 869 550 622 435 374 539 378 2 905 805 165 473 235 10 426 345 589 289 854 478 425 802 552 888 876 577 868 938 398 791 976 357 979 391 476 169 295 594 232 642 914 710 110 81 553 393 445 610 775 151 406 376 649 799 19 64 595 60 143 848 67 226 267 782 663 341 862 462 422 720 579 495 874 284 786 229 789 953 723 942
