1000 1000
1797 550345
1110 716184
951 160271
1941 503719
1858 709403
1773 610201
1384 738722
1304 996526
1292 317172
974 593347
983 626008
846 599668
1235 7356
1683 486369
1144 860605
1492 694492
1525 403875
1178 702391
897 806167
1128 851338
1184 102237
1189 957756
833 369623
859 243441
869 787069
1852 236117
1611 367118
1312 644894
1128 90885
1424 729647
1826 421804
1332 308175
1156 206349
1720 985993
1213 311852
1417 526941
1944 421263
1701 290167
1497 905070
1727 88452
978 877413
1383 603481
1357 334291
1216 625291
1209 745424
1611 395150
1302 418780
1386 727568
1212 40784
1840 304903
1062 710742
1970 682806
1459 127240
1684 439891
1888 481160
1882 455527
1991 107752
1874 227490
1464 865636
840 729522
973 755146
1040 812397
1270 683521
1747 521527
1703 833187
1313 950708
900 864065
890 350344
822 201243
1473 731030
1761 946890
1735 306692
1737 457332
1005 815441
1681 416683
1284 261747
1939 74030
1305 733665
1271 284801
1390 284511
1070 403978
1119 165217
1252 224155
995 561772
1413 304256
1280 471161
1689 306832
1242 60198
1575 360917
1124 464195
1499 798997
1383 466145
1258 470889
1263 535351
1388 428019
1132 627076
1571 33789
880 783293
1049 635729
1318 564969
888 832057
1617 495767
1181 136071
1522 35562
881 324443
1572 70239
1539 935780
1274 924316
941 532722
1681 206541
980 505141
1172 907843
1665 345066
932 250282
1703 543634
1447 361680
1668 301646
1697 57557
1944 763043
1128 44263
1258 834339
979 129766
1640 411030
1075 654975
1418 345548
1781 816631
850 293550
887 782051
1108 984208
998 560645
1353 570147
1960 93047
1459 685230
1644 235247
1570 329726
1515 888209
1176 276566
1274 746756
1982 278658
1498 45699
1659 902635
1056 70573
973 11542
1152 146472
1312 982888
1669 390674
1364 2797
1432 537136
1074 724367
931 449947
1685 506177
1408 474272
1086 129533
1851 323197
952 864452
928 409548
1004 936649
1555 84868
1982 994874
1066 826776
927 638923
1793 301045
1034 680237
1014 309728
1066 638865
895 481779
1668 950679
1696 565949
1482 394344
1091 962128
1828 589581
1796 383713
1267 214492
1723 931479
920 770475
1996 592210
1799 315608
857 225931
1896 256801
1012 653784
1026 95417
1610 217835
1705 744836
1335 860577
844 391637
856 637991
1357 851658
1211 99342
1313 300857
1748 117740
1255 521709
1949 134148
1489 166180
1886 378549
1671 652802
1062 928910
1424 311423
1783 4365
1919 46931
1081 142185
1467 220882
1045 260190
1200 279257
1599 476109
1374 875657
1024 398467
1852 19890
1172 376664
858 895265
1793 464979
816 63797
1086 189761
1874 211833
1739 367412
1996 651791
1943 141649
1985 23769
856 519747
1037 636852
1867 543816
1180 978219
1167 39054
1523 282687
1192 784868
1708 826953
1212 970388
1976 171186
807 103219
1795 174240
1259 966478
1110 938935
1186 219581
1152 138170
1085 476217
995 571475
1904 177313
1153 631523
1776 992915
1015 823750
1159 658627
1775 483289
1672 821019
1536 375688
1853 715969
1013 994071
1597 593756
1628 553069
1499 291005
1779 506914
980 613557
1393 718586
950 688659
1460 481075
1636 812801
1753 193877
1900 604081
1245 57924
1752 155123
944 448205
1903 300952
1070 168860
1538 887845
1819 459109
1697 370083
1121 736253
1459 96437
1193 557243
1965 980493
1652 629001
1373 792845
1906 531929
850 475654
1174 899751
1680 908283
1848 136243
917 759137
1773 763641
1275 627026
1762 116996
1788 644888
1772 738378
1583 811242
1828 169023
1419 15243
1064 240688
1307 559411
1559 581848
1054 391889
1087 216916
1587 351455
1061 265865
1017 789544
1989 277262
1717 882636
1420 178133
1060 246310
1768 875220
1635 128255
1776 716834
1704 613436
1019 890069
1218 595077
1642 736328
1543 428686
1497 847205
1726 677043
1919 989926
1966 322394
1259 447776
1998 477264
819 331054
1839 329130
1200 726404
1505 270536
997 994052
1641 493488
889 347788
1570 161882
1786 829782
1272 655968
1418 413012
1714 543183
1279 589635
1824 892477
1250 459471
1999 203809
1496 742635
916 26497
1220 207442
1094 815137
862 99541
1863 708852
1627 777322
1914 958946
885 711707
1820 896388
1214 159867
827 278516
1795 295240
1102 69210
1814 176393
1534 416017
1008 457438
1420 814603
1031 551064
1757 195388
898 724348
1769 641708
1658 762383
1386 822645
1034 367354
1623 699042
1588 115754
1793 681904
1585 841625
1864 283779
1805 287863
1422 389800
1134 980824
1057 110990
1677 686003
1357 280364
1229 69279
1283 581693
1959 491127
1837 864335
1403 828024
801 349059
995 727265
905 638547
1483 363515
1512 725636
1567 822738
1824 89099
1997 430610
1862 826362
1079 842224
1830 128762
1041 537454
1652 825298
1090 90634
1160 311590
1797 454958
1235 682897
1138 312914
1566 989175
1736 98315
1181 424301
1452 421994
1024 264621
1164 809004
1042 491823
1556 62567
1516 266947
1771 993661
847 522385
970 554689
1625 370826
1140 733982
1049 558224
1268 966602
1328 734702
1137 548987
1743 158855
1145 925731
1388 742159
1104 694211
1450 431161
1796 812580
1501 903721
937 926877
1125 293895
1944 931418
1622 429217
1384 539619
1569 192200
849 172535
1393 239721
867 42373
1334 716111
1918 734258
924 257104
804 285803
923 873445
867 699841
1360 245013
1005 980883
1961 927935
1574 776839
1762 537133
1445 872457
846 117962
1077 872965
861 540281
1308 598567
1608 803090
1338 58277
883 493130
1152 894868
818 985257
976 599567
1847 935896
1760 635652
1224 952264
1225 508178
1687 718348
1981 398524
1041 408795
1660 38669
1337 872589
1011 952501
1538 946032
1619 547148
1144 206603
1062 266091
1086 962649
962 424893
1638 40004
820 671717
908 13427
1831 890451
1435 491706
1918 903832
1493 519649
1716 853643
1201 396505
952 415449
1703 877286
963 140307
1336 535518
940 62648
976 555564
1560 515271
1157 229330
1437 524852
1846 922564
1230 747970
887 457059
1633 949797
1370 552814
1020 902753
1816 845035
1519 106696
1915 222738
1696 751333
1903 464132
1214 229153
1144 660532
1815 109643
1426 520984
1520 942633
1536 930471
1113 948357
1664 729900
1136 592743
1917 781061
988 24953
1233 410120
1193 514401
1889 476731
1351 62592
1399 336109
1068 502552
1816 898303
1175 36377
1977 181968
1780 661891
801 844443
868 712178
1026 66586
1879 760902
1058 633983
1182 562380
1991 14888
1558 440465
1302 969860
853 234904
1369 820435
819 683045
950 898232
1063 239080
1068 945424
1938 403975
1493 762796
900 493470
1981 436086
1128 647345
1680 234932
954 89209
1904 300680
1545 877603
1443 255688
1515 284660
1247 326131
912 11603
1946 13196
1120 413945
1992 227546
1970 374954
1333 707674
1604 548352
1953 44201
1293 262000
1085 370917
1763 191709
1246 531808
1927 578664
1514 983448
1535 624543
1374 717950
1940 612475
1122 938930
1558 959697
947 806172
1384 815209
1520 238748
1720 974270
1708 120001
1043 274084
1556 594412
1586 659945
1628 469475
1757 894514
849 225001
1980 82293
1445 580590
823 620482
1660 918168
1967 343399
1487 963617
1931 734242
826 640931
1949 134277
818 94052
1694 224779
1732 455633
1492 64974
1901 872668
1317 676442
1162 463731
1931 322616
1453 320551
1745 25554
812 679287
1328 993768
1927 681293
1707 117906
1637 98546
1858 389517
1403 857299
1396 842590
899 786660
1680 986495
1819 733302
1388 664054
1256 230938
1609 822356
1942 618157
802 593700
1339 501202
1682 995603
1982 226904
1782 503074
1459 552101
1430 244172
888 859293
1764 624081
1889 152557
1535 845941
1465 968512
1041 998497
1428 657365
1690 528427
1977 388415
1110 319959
1807 782072
1615 319751
940 441313
1152 351625
1754 927539
1423 248417
1817 828955
828 136767
1735 345567
1325 425506
1523 867668
1524 161304
1195 879144
1865 409779
1660 937872
1019 418791
1923 246680
800 971214
1416 717689
1049 552743
1667 627409
1455 958389
1833 866960
837 850633
1287 32361
1358 456009
1621 209758
1579 891171
1005 480463
1268 101943
1803 499947
1471 738190
857 359436
994 669540
838 632649
1538 187008
1677 411088
1504 544981
1825 248877
1981 411282
1789 308615
1232 714116
1602 784266
1114 706887
1144 730070
1305 25126
1440 50943
1690 272446
1114 103233
1339 242272
1238 874757
1309 877671
1569 297535
1906 428366
1589 537919
1095 393988
1495 63243
1437 392041
1124 820282
976 52146
1842 607338
1286 961544
1642 350236
1936 77212
1577 661252
1143 695713
1755 996348
1145 76999
1360 175653
950 540054
823 611692
1364 305520
1267 987995
1033 312334
989 961782
855 574257
1558 639739
1655 893915
1018 488459
1385 119689
1315 778603
1833 164612
1672 535458
1150 731113
861 72534
1053 470398
1658 704480
924 836898
989 621116
1745 187181
1404 505953
1362 510997
1378 976568
1342 345257
1990 875474
1474 168220
1027 963294
1257 894051
1767 23735
891 856944
1801 683603
1171 768759
1930 435155
1649 884083
1341 703686
1391 402132
1138 855690
1802 265744
1561 446475
1404 477016
1588 220581
1993 465449
1701 95382
1473 936027
1847 137775
1602 569512
1649 380718
1751 682986
1819 237532
1055 581353
1520 562181
1829 153263
1539 633842
1167 713493
1815 85216
1369 882094
1132 321955
1286 898389
1962 508000
930 399657
1188 468903
1644 509789
1974 674660
1695 853739
1336 497171
857 582123
1351 70527
1575 975531
1798 292148
1245 457416
1824 211261
1883 41090
880 947626
1249 395996
905 170056
1918 648616
891 162818
1312 473934
1910 665881
1251 320658
986 23267
1243 676479
1715 681258
1240 311131
906 711567
1065 910690
1597 664785
1145 166394
1788 473829
1792 54251
1062 711929
1945 332940
1419 164283
1912 209419
1796 332039
1696 31700
1316 462848
1347 635631
1502 659343
1286 541187
1689 921295
1730 13757
1902 524936
1280 881366
1561 990575
1192 762588
1831 420685
1271 420153
1333 60192
1354 421388
897 651123
1234 10896
950 393269
1348 69632
1335 212601
1744 538332
1068 15340
1087 649976
1760 499602
1569 829598
1725 378117
1669 986103
1016 247281
1213 164648
1292 198032
1088 499706
1920 934495
1026 785927
1118 88486
1893 524309
1033 838425
1234 205188
1897 512778
1423 213653
1266 697686
1932 488260
829 628453
1061 625947
1829 405381
1484 10848
1634 495739
1075 636865
1608 247820
1713 546724
840 809821
1334 926541
806 909026
803 355739
1912 401225
1669 104297
903 521812
1728 695442
914 709583
1463 61415
1345 354441
1949 255392
1375 617824
1969 662927
1689 814684
1540 947380
871 115186
1366 647865
1978 694469
1942 969734
1053 305347
1241 743396
1972 717087
1299 844264
1387 590420
1306 935618
1350 479339
1121 744609
877 515122
1917 215269
1320 570232
1453 386663
1649 755646
1068 711748
1386 250780
1296 826994
855 217507
1395 282220
887 364952
1253 33750
1234 805749
1848 324876
943 206209
1803 176623
1139 494858
1511 258587
1064 302508
834 447471
1289 472395
1031 634441
1092 712100
1948 256824
1361 495569
925 832882
1167 156148
1687 987212
1491 420098
1723 23827
905 876554
992 389473
1072 558757
1518 642322
1309 607706
1058 224615
889 739512
1818 832961
1192 997042
1645 665758
977 569676
1332 530175
1133 104328
857 388975
1042 343650
1078 869315
1024 122023
1960 658440
1120 486310
1204 115425
1868 568475
1413 941557
1738 8085
1672 789022
1187 438482
1884 416093
1282 194158
1758 777938
1080 446034
1287 940281
872 635340
1622 73498
1425 673338
1560 354169
1193 988000
1747 326100
1667 851640
1480 651760
1218 350810
1875 394189
869 914370
1349 547577
909 396151
932 550892
842 280880
982 532396
1273 22152
1805 849040
996 935113
1963 923725
1888 643099
1693 448938
1170 838005
1572 353865
1885 350283
1112 135881
1060 644286
1099 611557
1471 152076
1632 258256
1106 479076
917 3810
978 20558
1022 470674
1263 115169
1130 954055
1331 879509
1555 781471
1983 217695
1465 885834
1364 17728
836 933383
1486 511938
1136 657149
1253 960884
1185 661759
1122 492365
807 421047
1660 29107
1330 484924
1125 747898
1302 517707
1902 651528
1675 116323
1822 7261
1062 711333
1515 774725
839 599946
1003 729797
1145 114979
1727 930301
820 91981
1566 525793
809 21486
871 141967
1586 336297
1266 69087
1801 563636
1837 427887
1537 82320
994 881825
1864 550100
1091 290552
1065 957103
1918 184180
1979 177892
1889 14596
889 797806
1481 785759
1770 673855
1316 991794
1704 495912
1193 242293
521 640 388 629 654 807 612 94 392 124 671 81 914 937 284 796 750 999 890 632 681 519 909 421 304 933 244 880 980 206 242 916 116 905 364 567 616 327 99 472 744 835 178 87 930 80 798 347 665 409 675 714 892 488 341 162 48 712 713 856 972 203 448 898 964 155 456 988 807 863 382 699 517 309 843 780 315 944 670 33 856 340 467 780 610 123 498 614 312 59 399 432 72 865 527 581 858 250 325 66 301 762 775 646 983 663 830 550 965 470 420 979 16 689 525 172 193 718 270 298 263 910 85 446 682 281 431 102 813 399 541 631 667 344 216 523 589 150 876 230 157 68 151 592 682 914 454 118 187 221 813 77 463 224 402 471 198 179 366 216 301 522 678 726 619 670 976 906 126 206 7 461 474 99 150 606 955 821 10 425 533 525 460 733 897 674 710 731 132 158 316 622 231 171 576 279 503 895 411 790 447 612 24 594 507 615 407 916 850 118 61 852 947 248 529 473 584 876 392 810 592 992 182 470 846 538 427 818 482 561 23 181 838 487 725 126 992 307 247 786 349 468 578 793 918 660 130 47 845 895 323 465 667 240 374 109 544 412 409 884 865 978 356 182 232 575 205 716 409 981 659 371 257 794 760 998 194 689 405 376 194 826 802 79 72 993 994 536 253 370 880 494 487 176 226 128 832 694 823 947 850 258 23 27 841 341 561 659 741 22 846 984 692 172 125 487 440 468 64 700 659 929 348 572 293 653 625 478 698 316 542 644 724 91 303 522 353 86 603 322 724 327 564 513 596 544 439 303 367 947 169 779 366 89 779 336 551 614 907 921 180 148 343 828 968 215 482 928 159 309 402 581 977 861 182 352 798 41 681 889 67 974 353 654 821 310 172 735 694 249 104 47 936 42 862 584 219 685 590 588 103 453 301 66 330 788 112 157 677 217 783 560 55 123 430 934 644 750 230 627 36 271 481 899 820 212 393 726 384 655 181 815 801 689 872 278 701 218 568 772 213 987 662 384 419 390 529 841 299 787 934 84 414 85 377 772 348 806 26 587 80 611 440 857 132 855 772 354 35 5 359 978 77 83 331 174 440 193 610 638 205 568 593 482 240 220 598 237 613 848 595 119 753 703 462 268 216 1 259 472 746 63 25 917 583 368 156 315 864 676 534 816 655 893 489 971 639 366 506 743 344 484 349 194 281 717 382 361 463 652 847 455 760 516 697 297 546 136 266 612 11 309 788 68 161 429 99 165 292 451 701 11 917 857 651 847 554 672 462 490 403 180 73 859 515 130 33 298 869 237 672 209 754 739 566 932 137 586 763 786 647 911 701 410 59 778 79 526 623 954 56 574 16 557 597 496 105 603 168 513 485 422 561 899 887 470 735 808 41 272 90 305 953 968 2 329 510 333 493 889 870 113 899 95 347 884 617 398 617 710 367 656 406 891 951 450 806 985 739 698 847 394 784 444 919 857 105 958 927 312 952 570 322 439 777 894 766 480 360 10 705 948 996 769 864 289 625 565 793 410 350 879 725 946 302 34 567 444 753 44 144 342 377 632 773 488 899 735 615 630 865 3 65 180 971 331 796 827 539 952 291 802 471 694 887 41 840 267 35 581 919 38 446 12 885 322 816 153 899 10 859 689 530 260 644 783 70 32 534 18 197 93 505 297 275 926 15 978 854 855 514 279 809 835 978 268 855 736 660 89 291 962 131 766 351 436 130 264 986 238 911 873 26 729 315 237 659 669 784 274 804 614 387 674 414 475 678 224 626 396 554 243 826 591 813 451 545 328 161 397 32 845 777 830 212 642 933 696 474 718 656 163 561 466 937 433 32 182 866 712 639 289 880 116 985 243 316 885 141 614 234 924 888 294 328 511 566 220 303 76 151 218 496 610 240 860 291 43 554 119 841 683 494 352 360 339 451 229 257 843 418 26 202 918 667 252 276 901 260 869 146 308 359 791 975 888 910 408 934 234 722 956 716 594 656 584 73 55 706 659 81 207 358 256 613 73 972 518 105 233 666 178 291 414 375 737 623 211 3 949 964 593 373 296 77 132 113 427 661 351 987 455 554 796 957 200 398 920 257 524 361 323 962 802 753 33 548 500 563 559 863 170 942 351 934 821 258 324 235 872 154 9 630 324 953 567 437 997 57 418 73 535 91 188 55 666 746 623 620 90 241 471 987 384 945 292 469 605 347 21 327 240 470 771 171 325 259 178 686 736 967 883 505 527 517 128 419 877 720 994 471 541 748 967 311 495 494 714 783 867
