1000 100
50553 766584
305529 542532
915994 74864
446343 550980
128466 40326
156318 272186
213064 472519
936754 50597
4514 203330
625823 165544
710272 95223
538624 183824
111930 874368
387355 721946
691258 895267
680177 39625
926987 143843
884667 139996
463910 674140
184717 206873
73048 998229
101724 714945
398294 13472
464233 181765
744091 594728
263580 401477
612722 775367
289505 523032
907789 596952
597378 209130
300309 320708
851063 98560
106625 984631
498215 374472
489888 160656
807249 879891
13621 849890
701745 336418
648186 407757
918879 947148
800964 60069
904778 517169
112563 427212
911207 177793
76050 921157
515564 544603
537804 575246
767387 816071
376594 162058
617895 77889
411468 105089
901523 224554
900697 520039
616993 454952
101622 474156
497598 611258
709092 700321
470369 243761
962950 296280
652178 110962
302789 893034
419108 966295
948961 742541
674493 86021
811138 305669
729528 761251
825895 195316
562477 81646
287783 488197
868252 523422
933225 571880
32350 984648
428558 977241
8396 494881
668029 350341
876482 351109
9299 228616
943006 246930
370890 338651
739879 307815
572161 180719
190240 506920
296946 965859
404661 734445
585884 881965
383098 473180
258171 593928
211084 816411
735926 254175
425140 241300
142306 775179
889929 825076
529647 770480
792400 361416
817829 888880
574269 979118
656081 730598
246842 246152
996380 990503
561715 396837
614101 547675
696815 778693
578406 129626
739408 616228
252991 943427
490720 352771
323073 6553
822282 935207
204268 33740
228329 510025
222508 674020
885 365462
966189 85110
168532 926004
658288 715933
695920 959095
170286 187708
974398 995721
983149 235440
562803 110733
305180 54296
899227 593812
379807 337711
924659 618125
198318 952480
423513 313350
446092 951347
482985 476961
133556 940023
161997 870380
91482 801403
838187 984560
514708 71456
294069 657805
721032 818565
5587 982230
28328 370686
495414 897414
43006 916184
797448 383220
199911 557556
128540 873955
872851 212645
410815 648503
822428 822006
71584 492852
105255 283820
492159 278466
33300 890889
21850 497194
623915 346029
663959 187613
671135 470290
251376 783353
387830 302590
406557 809896
500122 315497
137592 194853
7245 613653
741981 815739
407331 322801
638582 815944
6657 162964
994884 935006
297654 805180
623092 79478
713161 263288
373582 697098
463938 725745
903178 830318
254160 83045
543933 265762
479378 626013
357500 297937
541724 543740
161410 150791
206688 611316
328865 80702
227498 192524
601679 587394
966343 936327
543846 549885
401465 786504
722618 808278
901032 494382
992937 731068
840311 49663
541525 255776
406560 536099
273166 909950
832802 634749
996442 248074
396210 426890
685706 798802
931030 50147
557950 329725
68414 341474
772042 998377
228657 951967
597654 904832
224969 635178
186326 839473
677699 572861
778894 252354
393761 522380
335979 566760
705813 78951
125798 372103
973048 145493
557249 265566
533385 455620
355149 167551
752625 26736
541919 705208
516178 439117
76480 578881
761658 593137
487881 163799
554976 792514
229171 665821
597063 772259
689141 21528
574115 317302
94720 871210
169139 885885
472716 123795
381888 7372
88266 536441
508802 566450
298747 319673
673468 561159
977782 898164
654644 67485
6551 528826
277003 343457
993353 159711
222506 881120
187182 520932
3860 107860
557985 141445
618468 477679
619073 593231
914349 901093
228187 313344
535676 588182
480218 240509
931221 204082
127218 857686
686364 19046
956397 612570
682093 553329
815740 214621
89444 130332
391661 186710
520771 816190
776822 657760
339109 585925
986143 61639
312724 989099
168812 65338
119443 960999
205657 917454
489379 529244
291900 427288
806926 690828
766186 391330
867415 165616
181217 308034
993202 581052
357979 455122
689382 378144
600620 888022
523282 61889
349692 947103
80651 591465
708221 529736
884713 771214
563216 15213
47416 762872
852968 239115
240509 692915
990155 736006
891976 598084
694928 865213
810529 157884
499831 330007
755377 236904
736528 258743
539180 497862
683594 746736
400043 617728
164516 767979
168127 971890
882273 267077
785361 625571
885157 284422
702924 40449
606962 492666
986601 972921
449975 108675
186420 276493
196898 547064
575213 845425
776747 43488
526389 847661
994587 347191
244237 465466
522723 723168
18759 59183
209532 680719
381123 589851
607993 249994
439088 202323
996456 394051
658986 980887
526677 316933
327867 604714
318728 479809
545777 931278
545025 349793
856937 658424
847880 755680
970906 327078
9364 65664
303903 908472
641659 838173
333687 158190
725621 503393
363804 41219
30517 648271
17656 178042
817732 545966
609585 34752
256384 249904
232670 260732
799278 379109
576046 760060
401305 635809
197968 451078
565136 373284
315557 62315
64035 888670
658713 729656
927341 255555
140797 612101
521966 595011
361067 579786
139658 896012
766938 676869
383978 43183
539143 882379
307676 683246
581400 441337
912721 849278
200592 947992
902269 728811
660468 617994
323026 519220
665747 846674
258652 877022
725557 675764
224235 562810
199892 607380
759317 122056
306614 452969
94878 208466
525105 492560
28701 375618
709323 166865
789364 934208
818503 238275
580994 212319
759946 650072
923456 324801
578601 669346
455456 542701
855778 688053
656777 213856
910089 999304
797798 945360
511083 20310
86182 211891
566277 621135
894297 723665
658992 276468
637933 645855
734353 601009
11179 895862
19627 657383
739220 171193
373521 488679
354333 771692
32621 506131
520074 612595
391501 909693
728732 888365
312412 433015
539754 836612
172337 707332
885375 327014
832046 761215
990588 794477
605562 846081
231427 932215
859959 939218
947496 303114
866702 877187
216307 864177
161043 701770
945793 23782
746692 841918
802581 205617
42884 779248
965904 76797
391343 477184
712191 412290
606076 670476
819182 303962
253888 159378
723025 157903
812323 837726
813008 809983
758407 43638
207724 518318
864134 82198
958798 657723
743065 732552
322877 742004
986965 889530
568053 981950
558468 751478
562038 678862
908560 60625
684421 435085
643349 947274
651260 469575
313668 60809
565791 86305
142888 273748
148707 173806
775513 440121
181297 628111
991827 655699
211794 425353
175806 224231
791939 674945
160021 982576
643827 84280
427398 307951
543534 23682
782486 164883
963344 175054
68319 935965
482677 802104
754974 914988
162314 696263
430737 777509
300095 531157
532631 682410
887471 39860
792501 593492
69133 425674
345133 98110
470165 559510
162349 211208
238464 846162
586914 471462
124495 582300
102313 40705
582730 262049
799537 662499
33182 777839
883979 954506
359566 938425
447959 383769
758256 57881
300997 785001
571011 307610
279373 223077
767362 725504
425345 81344
533786 342569
462878 855108
22283 649684
154135 704365
9515 210948
21586 688570
838074 374321
294255 258398
338883 398801
596971 755998
261782 561320
353292 448923
545410 838019
382139 669777
693312 818749
667383 747699
789291 923049
70942 997969
592414 639793
443917 273956
824842 7542
275576 930036
116576 781558
782155 357951
795198 140916
875498 959108
481 605442
664517 469129
449194 703762
645348 591806
109858 340316
709086 349920
715720 190524
938438 491653
111857 753885
987617 879173
966356 65464
682399 962801
354139 107352
166813 281706
673705 882103
95440 957858
612264 75672
25598 769658
396605 814093
666562 892779
953064 631695
941045 511400
95502 744613
146866 517351
399266 711278
211263 722671
669914 217330
34380 674860
747460 679916
608985 629755
449197 424222
792481 932704
158215 808446
52354 426392
749364 392984
640589 998398
160983 632258
740372 29307
341166 425616
536893 255484
915736 731698
976804 900410
837211 698701
344931 175508
435746 646098
679826 375449
134665 415090
101757 105859
734284 732262
901607 909835
832693 342140
787894 882166
497910 152001
97798 752823
571524 741805
975922 308597
673464 685563
732971 412647
2987 893863
457161 444960
427500 725113
35656 854177
94880 750158
909037 720494
31071 285928
902709 758216
358732 245654
835042 927250
316351 737358
290672 717599
668861 305474
798995 347213
659442 147812
960642 629168
242433 709183
848354 882915
878835 184739
284315 36056
171992 837161
73887 624479
809323 598222
91407 522259
767286 34834
237017 521007
724460 842091
822894 325502
995691 419413
374486 362100
99228 181288
786119 405404
469137 887313
809747 884386
352242 394732
209978 61774
911759 792657
477632 897556
805969 810614
726377 392923
50544 366098
506481 933558
95538 701192
979622 345941
762381 71039
701188 609354
732161 695026
700704 406635
221836 380654
904570 137978
47299 446495
696695 423767
447528 249862
507039 527716
864565 115492
454946 610130
813386 74337
495819 98315
360335 203937
786241 293047
102905 619077
239473 493011
992352 17932
489010 300774
732726 70977
75203 782883
705522 425305
989508 983554
903630 422024
809374 538431
167262 111778
291726 153342
502584 662818
190662 876841
304134 541060
593583 966267
537954 213106
588115 668726
593977 437704
260744 25067
654828 407136
980836 439893
39034 594255
524278 261955
566757 86231
644486 645672
347481 984549
24085 968117
369481 196219
328819 544780
289714 823676
279239 508287
201944 836720
957266 160165
73181 528456
156200 517716
338021 140681
386947 331002
214372 852576
169082 29000
691479 479456
269406 156174
875564 627032
969829 708221
924826 553515
836472 532452
96743 690146
647027 326750
710147 278028
824416 194941
596106 169238
628257 520400
657822 439806
688173 192871
677769 938910
27316 49546
118940 96726
540055 362300
729228 863393
835616 630460
686283 370317
683749 192991
255614 155167
304371 104010
209281 932533
899469 512313
327485 247778
819483 417484
714342 89525
984926 119068
801043 670138
343458 803468
522883 487304
754967 905652
597927 996716
246166 133772
178968 464748
955675 839820
156180 980886
658650 236042
906078 849074
314923 635161
175307 480481
399160 722302
659879 975346
664404 564478
375851 360649
653737 787419
965833 549426
38891 183045
993125 896047
926979 984944
785947 258188
604142 139735
965528 697344
260026 220022
721618 792767
742968 380806
971267 398975
274176 411439
930740 46121
359120 345890
898171 479508
347565 937816
911909 814431
407394 662231
210915 590411
884091 348405
611464 500026
54770 426651
23098 126400
61018 193485
198017 462990
492533 411291
283135 498062
958179 649975
934616 510766
916955 367897
215767 540759
538117 410322
60414 996694
583612 243540
149366 662340
269622 100389
54557 663780
538269 85653
450335 651935
887751 143361
341046 339386
177463 556869
47752 208056
387334 405413
701846 200655
953124 456559
373780 620573
580038 132085
50724 446676
323653 794772
383021 418304
775240 26252
306994 941472
458860 393528
613628 995162
497769 44396
505319 707076
858880 355654
420584 174394
118233 568415
390968 618005
984348 592826
51288 368709
15566 912865
905565 209748
7370 768053
816773 559546
85596 341405
112084 150136
512300 639517
137570 734850
278220 34604
174144 241
282385 994695
837857 408817
310604 553526
437182 485845
807911 178582
926472 391671
658309 627199
150459 687436
209818 919438
775826 165195
84119 799034
894229 239291
463398 338784
463028 157734
370783 775608
943418 584730
326767 4053
477239 57331
472594 223018
365541 81605
529676 469944
304280 99126
482284 826938
321512 561089
234251 364313
904196 171713
117883 551800
72376 794000
759014 529029
223164 823152
563857 823717
699597 492666
762934 493953
982616 498764
82443 492473
386666 944932
748867 308455
849074 109823
847004 984647
650864 349584
626401 707427
433287 822229
944916 174596
856085 606224
836014 477889
969580 197384
332513 455249
248880 677559
360755 68671
165891 358407
799467 659935
383204 621926
75519 11857
238939 838044
34696 580718
811253 112024
487331 703376
827942 365419
556193 613249
258394 997531
567451 845106
475571 406227
425084 129885
285980 98414
396207 859570
487606 395555
493411 687109
720127 542184
55617 63992
55169 339634
786394 543545
308607 112292
753605 194481
921301 867855
156995 123727
666451 960450
882045 524690
685319 172616
910581 983356
850768 231295
324871 435819
358369 817873
25236 137906
498089 312053
151483 614262
761310 425146
258326 995486
355347 679483
537282 407546
997371 256224
443851 163091
465034 746937
181186 117431
364981 313017
918421 921131
990450 298014
522164 190703
460247 556791
493850 292609
31208 898900
625592 978237
891992 602753
595109 457723
20497 35102
108635 364674
278861 265357
79240 80800
915637 734679
12645 713872
320826 473041
99104 524589
618498 174520
801941 880221
571052 94912
325441 608484
852783 763151
768540 927055
772498 356089
294613 511578
353168 869531
997635 517017
16701 641783
407276 527758
520981 82274
601004 297445
187904 328782
647176 901479
560687 967110
237973 874248
554599 705064
174988 351342
814098 616972
446235 315012
214730 703076
525340 449808
625726 815396
866206 514716
518903 739086
202737 737518
208134 285317
907119 131338
113853 892895
973324 125275
501089 432780
925223 924694
518488 256189
34348 175947
687390 83093
951461 419651
528693 289809
282513 824280
935307 118681
757743 122612
947032 964823
720850 464196
838490 618124
546171 136250
418664 221214
788917 725518
116257 571878
759901 540098
142144 343709
1136 821270
583553 200353
134145 501526
457510 792454
742771 316079
48433 334285
799804 564852
751550 519515
553655 653207
65609 668474
325721 134310
922613 6499
682446 679680
66586 605694
932688 411668
864198 123378
198432 908536
351629 907054
184733 538567
48422 830960
259298 60757
578385 671799
340091 404775
383179 217176
488714 678811
860737 242296
692093 674753
172142 455204
432325 994089
554011 813977
490813 328461
488033 224857
924894 952741
190462 691714
881589 459608
67096 563938
576811 209160
855556 938427
532947 624412
543847 127371
947177 844670
721894 71525
752939 748248
296459 510746
412556 282928
54647 979149
168071 239388
947868 710398
18052 397538
664800 33008
287174 752836
10225 779461
463594 496069 812632 139459 309880 401502 187327 672177 728498 78351 325 187628 589053 343635 155582 907069 336486 133954 436126 72592 209710 979413 468948 328112 708311 559177 138617 746698 929746 877465 570983 391664 190603 104067 390265 458664 563387 700629 773543 545484 720684 272002 885752 354123 443586 611946 410125 300426 325511 689427 360442 693846 121514 89610 706781 672980 780703 136766 267064 137177 133140 465056 871066 703842 624861 423104 830366 261740 448601 919959 282595 653214 114441 373897 817383 338107 104946 59605 122057 984914 910411 720383 261515 521026 71640 895102 516681 406601 101562 669630 719380 330581 913564 639132 370169 369962 192197 254654 962782 912890
