100 1000
185835 263395
49245 777780
171761 259138
119380 46631
41663 123162
30611 863652
188902 460781
27867 739913
50415 673797
7421 107001
62222 896843
170677 6724
122449 231062
55251 73560
70338 113011
117039 870566
83207 207755
62786 205955
87659 791531
160917 837639
164448 556061
78967 510201
22705 363861
95376 930887
45213 380982
110117 441039
8608 244238
12934 691243
8389 291804
129685 675600
51300 754670
3717 28681
171555 231369
184997 937955
139327 767165
162042 548297
59025 267536
105804 128907
118820 706867
97360 625351
174186 285538
173348 784729
178476 962382
23356 961084
181246 577920
32577 968499
53020 109620
157818 401558
112943 388341
134433 910872
143926 597430
119929 814389
140935 306049
11067 761930
13134 41961
199416 301688
124535 788995
48654 658359
158515 830831
9401 838062
64927 215220
173572 53093
188287 122354
183431 385814
77139 555165
88756 390565
134164 484294
12581 765201
175451 869941
176924 829671
110718 555830
126999 950492
7745 559312
177923 133723
74105 890687
198345 344993
179004 590892
189746 958654
75859 332582
83080 239992
95493 946680
167491 802865
89345 652667
199079 410906
149663 641322
189038 44825
115347 849084
105840 555052
18843 298046
145545 774124
114781 141112
47741 76667
164277 340519
137274 894890
17706 617515
173547 965497
1554 93868
177031 782136
107616 763681
130819 804012
312 907 329 791 822 822 953 91 470 109 960 764 267 697 121 264 482 829 663 463 144 611 922 353 76 264 552 89 942 767 272 58 924 270 16 670 921 252 844 789 170 938 867 190 84 941 907 428 786 439 608 256 922 948 112 351 751 577 797 690 482 534 706 717 986 17 236 176 416 38 157 594 639 122 579 142 878 714 863 658 224 656 255 980 158 396 869 703 54 245 340 377 745 115 251 882 489 59 368 964 202 730 663 400 562 403 488 639 475 834 408 539 793 213 650 630 386 648 469 892 816 164 247 289 604 245 335 736 218 88 25 387 915 938 631 902 227 948 526 980 177 43 764 193 110 821 877 901 700 399 994 212 910 655 777 825 461 920 143 401 668 338 49 355 438 337 437 597 495 678 520 690 73 388 730 571 306 393 762 247 984 145 972 156 124 790 501 278 920 550 293 478 891 569 171 950 363 787 145 933 657 235 544 478 377 431 679 194 981 794 804 482 512 473 746 254 588 245 149 456 183 280 833 865 698 425 801 580 847 245 762 923 759 753 651 672 838 764 413 629 495 109 323 260 678 129 823 145 819 688 881 586 993 926 218 727 80 365 132 592 67 583 170 642 512 411 560 731 317 774 206 46 104 247 730 985 264 1000 473 786 985 144 493 80 348 787 151 298 992 187 210 932 335 619 647 483 578 817 670 529 458 965 912 228 248 162 489 62 679 656 652 109 820 271 700 746 930 876 538 74 599 674 385 995 923 636 427 331 796 13 171 39 801 713 718 238 848 505 512 746 207 371 813 773 561 735 907 578 184 501 53 771 793 740 733 979 184 536 9 37 554 74 280 230 225 68 114 808 118 878 579 350 749 986 20 429 814 362 600 514 857 206 848 374 7 270 482 600 485 722 173 386 291 610 549 793 332 92 675 587 904 108 359 271 340 687 903 204 92 349 203 939 389 385 855 706 769 120 401 527 782 127 822 793 245 274 388 452 39 15 411 700 708 722 444 751 692 463 793 42 276 414 537 579 557 683 685 809 169 804 597 353 244 738 258 893 965 617 990 495 676 356 496 769 350 810 714 867 161 258 516 795 820 448 405 869 516 14 100 457 870 821 320 62 712 954 165 829 370 545 560 108 680 857 714 206 965 410 413 291 822 293 672 274 29 517 250 501 308 837 956 384 559 539 1 806 685 86 388 72 142 508 592 216 27 494 625 90 281 300 38 875 748 261 901 789 231 823 577 139 333 572 511 976 301 757 347 11 292 621 48 118 598 852 966 831 962 212 89 677 623 762 752 968 216 240 467 403 43 480 659 570 876 648 216 767 720 771 737 125 529 44 167 101 534 676 862 304 287 769 237 134 488 53 575 460 586 231 875 969 724 36 938 975 661 295 76 906 282 437 376 436 307 18 911 861 388 42 239 763 276 73 746 62 64 259 694 232 824 727 726 160 536 989 254 74 46 529 443 951 305 292 348 863 820 641 813 386 452 64 629 201 707 646 898 110 474 506 544 106 244 849 369 26 915 602 882 588 196 386 782 200 179 297 409 177 345 889 846 123 183 746 224 135 624 179 82 166 391 188 555 210 382 237 791 223 292 746 862 700 202 554 681 878 871 765 558 598 15 36 236 562 811 134 149 539 504 336 299 609 14 547 607 503 181 100 953 38 886 778 804 267 707 339 674 126 373 59 463 552 867 686 99 371 958 268 212 886 450 93 459 555 47 264 650 386 351 424 53 822 321 453 69 295 164 557 794 955 610 380 369 249 483 132 964 214 603 680 856 744 32 137 216 133 914 439 929 410 745 409 532 277 852 746 854 256 361 234 96 171 582 590 365 676 513 466 23 219 693 553 670 477 944 713 567 819 304 753 549 393 717 573 371 604 954 86 191 642 826 308 149 781 980 962 140 780 948 673 85 890 61 852 172 36 947 314 908 91 939 559 310 9 817 125 444 338 237 702 438 370 405 812 975 939 728 516 71 745 586 494 583 386 835 394 65 359 286 793 330 90 569 269 46 423 173 504 561 739 863 263 784 175 462 415 11 142 154 784 95 953 774 472 841 280 427 717 422 214 740 812 101 358 307 271 147 581 536 641 88 83 136 22 62 741 230 411 648 371 12 697 815 305 10 309 941 567 303 205 478 778 565 714 704 342 603 520 914 671 859 84 996 255 685 143 141 259 784 741 736 646 583 862 107 665 823 72 681 377 164 631 15 602 434 648 738 730 921 812 822 437 169 841 667 11 486 533 567 557 880 222 320 708 171 898 644 278 128 784 898 518
