1902
671182 275364
272167 468540
533438 142990
784983 782608
863466 245773
711387 301498
660135 782688
168737 727605
684225 530857
704193 17224
542203 651777
582248 642426
494082 699707
43568 957425
324239 774339
215567 229157
923003 917301
195851 613225
726413 211032
395206 229185
739896 794987
677871 227674
526227 216999
819491 95556
815395 244359
446385 762643
563139 750737
289985 694619
428934 477798
396070 845386
677849 302414
577116 42978
694334 398304
285004 476668
773755 224403
396742 892451
195140 299593
55607 91237
84717 829708
179905 61376
184071 401260
900756 601561
598714 670281
401196 676639
756956 131121
612119 865277
411748 621230
191656 462073
169992 562239
174716 108830
535664 27690
757273 224412
458336 199596
654738 711599
255662 792152
330028 212697
398098 502713
603089 907615
283184 131463
382577 280418
211010 428686
539282 388446
115456 239128
242480 461968
11922 206519
595118 659975
230307 30644
428286 796064
393719 976352
43126 572707
851220 610073
439989 543776
870071 594939
400470 488137
110838 600106
795938 209465
100307 639653
923524 231983
190874 463194
475342 798092
899664 187204
647066 596791
188491 169468
577369 773534
833092 467339
141738 476439
986910 218109
618943 209562
940137 497741
68621 918426
888545 217880
745589 486718
388034 830931
141113 609455
155559 690704
219117 593724
445256 739117
811775 370023
343661 997285
831705 706234
406702 196885
666050 652346
694844 744080
677367 805776
555365 747110
512486 246846
913137 893114
326444 497958
310288 342096
828577 44175
301061 76211
763768 124272
371226 57600
317352 361285
953663 982330
868688 157859
648017 784414
946866 463168
768846 54384
604351 765245
30111 301100
756102 202684
134517 216488
461807 680462
289282 359649
924627 839373
557250 6293
322025 237041
658566 419708
5965 682449
9885 215866
323319 787770
739569 576624
65622 150418
967713 766089
111186 299656
822448 476389
949051 499998
468483 914824
665052 127488
400650 228556
790450 709870
649347 728479
244512 747788
416172 744543
414447 178961
993197 40257
86396 162124
340418 413184
967531 172694
460875 95863
210325 752959
608470 1685
867830 899968
789394 374149
355022 459008
739767 969927
253755 811745
724163 152720
164223 185013
307561 102147
859775 197701
333900 113685
483959 703145
61107 718898
798905 949862
654300 969433
920368 829393
662430 31346
446020 84703
607540 51309
92167 91859
253547 504097
892333 863598
726126 19464
286520 569876
210926 674604
664751 577972
180327 221935
440103 724060
220414 658480
653324 384521
730646 78053
850850 191118
506184 221409
582822 69651
49893 647089
571005 92131
980433 484396
623898 234650
765101 730704
447241 665114
4410 25898
80876 39458
893760 441647
539092 557852
980463 805326
648997 374794
333662 160733
666999 997814
431481 209170
338557 392659
184758 989474
993218 771024
683060 468910
303123 172312
511448 475862
834499 251777
688037 625774
500451 767389
500134 385138
77002 690051
432076 943491
249336 717148
120166 120584
185899 519465
22375 442130
455674 70556
519820 326272
120706 276101
893606 524212
222133 831477
597419 729927
132261 926479
417666 862590
452061 371546
389014 58583
454717 627865
581873 212369
696598 794780
781738 687407
783785 769569
488555 120389
392009 430869
987325 96915
188359 141630
64136 245341
442932 206932
119174 449118
874007 343622
52886 681459
899843 846880
55298 171625
194053 134450
41918 285558
520357 390423
890278 917907
302432 115731
870672 115029
608204 973823
863173 743623
444169 81790
141531 843501
19301 615364
434457 222578
724355 905738
591691 767479
749758 30311
495790 530204
493063 830216
216676 56060
913188 959006
444102 485639
226741 731671
439015 106253
811073 16789
366662 662126
174371 859488
9477 713257
570783 104081
666215 64245
414522 242844
758120 31713
207888 416178
642425 459294
861632 967589
331425 737009
339567 431772
452610 278603
474191 399128
30680 503339
856105 522626
735256 652592
185633 458546
359664 605338
359459 50742
262613 912530
131467 572046
421922 129925
27797 901357
665957 800252
47001 641915
513281 780332
364557 864742
563623 175217
473784 368457
188462 5967
364425 552257
753231 489143
818816 224856
430379 111046
244171 722729
169937 779478
194115 632475
345533 368715
665056 500494
470293 146266
695724 546534
869662 173927
278241 275975
509639 854088
536944 733747
277677 350038
768151 401781
868274 455377
329048 8074
993605 790109
956163 814625
721053 87916
995538 612382
337678 214337
489705 55798
71395 923739
148131 498330
257210 726468
238600 104233
252691 725902
914888 228442
709152 7450
471925 283463
211864 33296
108838 259615
878941 803994
524269 108380
120645 519391
635479 297627
590737 4465
270506 128926
147489 309463
612048 554029
623930 747146
524195 939214
999815 303695
686795 232853
707583 158897
418756 778968
190221 448660
728920 519897
590833 292292
396569 785292
197608 122859
926319 850108
258599 964329
139568 267095
176521 782138
697736 380854
749885 743949
775168 245891
605035 161952
586795 68727
292834 187614
547120 464706
927316 575978
46503 231322
298661 833781
550641 881891
256849 929429
30788 575649
778678 111972
426413 60843
289296 891413
894322 403314
213487 866387
576694 581368
167752 832597
590592 641301
638065 958510
331100 68401
82205 559040
727237 464640
697973 179390
262777 188344
465085 238016
561450 627883
773351 791499
755509 38005
971036 391518
565618 228222
39635 338900
855462 389932
778716 547940
611101 59304
689127 937408
863415 718822
299207 424630
169059 851
574510 189729
768659 952587
500248 238123
899132 561972
511339 107493
996522 269064
544328 533956
612802 32624
984362 609724
446616 186641
925122 303547
559971 760518
499990 148344
2257 726243
233090 909450
145841 920129
471142 385546
502275 200302
843658 106498
223940 318123
330608 594845
837491 569242
391410 995715
586045 948084
743251 873618
242379 58923
386769 412060
297464 439124
8937 419748
495690 660330
288903 681973
515768 502290
342429 519441
531512 803186
593475 661287
385107 512224
363944 224040
658213 120928
991467 977776
617272 619971
737254 447343
2842 529430
351877 838212
781810 683718
873983 531755
491444 992118
892527 993712
12120 829115
292488 589101
30433 138094
818284 79693
926968 748805
243727 984111
229657 863273
46115 836620
856328 85414
162521 168732
629587 906213
855860 606193
905195 458895
61339 694766
900333 241255
210392 509380
732899 880859
671982 477088
928386 481828
262268 498291
261243 107836
558963 816231
51644 885646
509773 115887
127063 747067
519529 382479
624582 887276
603205 841346
457449 583044
993509 776593
226132 228673
923035 97392
308127 49828
686016 889495
128554 629487
990714 995083
215009 879365
117871 756985
546689 362378
688930 83017
730274 960693
880284 280690
24026 549446
934299 459197
208113 991472
409341 862130
287778 994949
926650 546010
177629 809599
362231 483788
941835 489790
202176 246586
929719 789601
625806 357664
537591 552213
474767 549075
291231 77758
991227 862357
671149 351247
872691 681752
513776 966754
41459 627953
881052 643460
355280 628394
41290 89358
105066 662213
371172 691711
83438 414721
177138 554289
430875 926748
280538 565095
147086 725877
34590 206231
302413 994055
303088 896306
80773 590966
966945 954060
838584 163075
280935 349734
596640 609428
867161 373346
395975 925438
301866 969553
546767 836546
508526 515671
253929 785089
981887 981974
2763 314322
384788 397468
627931 608103
237192 985049
145149 898086
185990 637770
735278 458912
814252 500784
873549 490751
918603 593604
112149 301189
855065 513535
421363 421005
808629 427527
846029 70721
233901 674080
97736 240102
385473 839252
444574 775356
762769 958907
951156 766889
241442 255734
279151 574923
942869 812656
491670 689030
731307 91064
343232 690263
905154 538900
575276 178015
435455 477108
36716 333119
504847 744991
302893 236281
955112 748930
113762 272078
548008 732670
697356 679733
73134 970023
796988 224524
586580 264559
14299 822094
979266 42222
569850 915062
341769 458133
166603 799929
427185 351608
793257 924966
176157 509186
50260 84900
359733 911982
270966 700751
754098 786326
415782 844284
420080 100064
409611 36305
733212 65392
757322 884058
550576 737484
943798 625887
416084 664500
92896 741743
216448 643985
953765 921273
415924 688217
394614 973627
441002 723285
331945 821345
263291 69879
865651 431434
130664 422779
102106 376640
587737 130392
179978 620633
551418 694759
293649 37809
365289 705317
379805 117209
234350 259130
685366 191080
794471 260243
153271 682402
5545 150526
814367 565832
731515 699128
501045 541834
567494 899787
626430 915692
859600 829742
332440 162409
762026 907519
110399 241190
956469 860444
598634 534149
830289 106036
429333 523055
357563 541842
758861 240787
158913 627626
587240 710937
805152 201719
436690 352417
522204 926770
179367 514602
790287 332923
96063 962476
93845 471912
479039 429014
427118 491440
289626 266447
977181 724231
702165 386786
603749 428907
870738 182731
614510 526368
710033 218046
525538 273191
933474 938696
889636 232142
881478 123620
715121 803114
843310 221875
175104 575206
938720 475877
308352 757493
240080 262638
222282 431193
518594 67983
498184 887921
95910 237925
420355 317023
629421 613335
308928 651003
859944 530294
309962 19603
160913 191553
684221 954432
666190 313288
654535 787613
352766 992595
602029 181523
949829 708284
212443 692805
735721 484978
361979 815452
980715 24835
118862 789945
457732 392308
577103 406721
642695 339512
756999 759383
115960 220384
151642 627114
291624 465580
865792 440377
343366 55506
32261 696523
419781 327727
920750 377878
330326 865276
560568 980297
760841 153200
853602 298797
763215 179421
400393 492401
543144 455712
118123 112233
691533 659362
833947 650918
947821 127800
460194 509797
100631 856118
417222 511957
538494 437794
958048 161205
213544 950080
29846 204149
21299 665124
7271 634387
408699 810245
89758 324029
352016 973103
915691 518796
865885 805350
361989 505897
306163 744576
214685 566900
459480 313718
157918 807291
961753 514096
899567 520173
16234 63280
992810 748860
358241 735143
996947 323128
930437 773349
794094 367185
764953 170252
326482 27637
562197 929724
349785 561435
991181 570
546416 164591
511099 122102
676892 261295
819185 841434
342130 544760
847447 513733
427550 312299
179464 183448
234249 569605
292401 447246
511535 561103
341225 887079
142901 203993
67981 633075
428477 684229
804422 70283
569449 872886
279107 662020
331814 320962
625392 979832
394285 397115
670320 912317
536909 225056
897283 823251
763013 399360
544856 162788
507063 597768
234263 823238
892485 695427
849181 485068
906801 422466
468253 672706
442080 611549
443801 875216
514552 733681
581997 72286
508931 393777
736158 816935
376770 489926
404800 293388
765623 304316
502179 173052
200299 643690
526943 166229
175796 189804
681734 71000
841458 214041
674670 794929
519678 398925
856190 614513
672677 463089
167503 679558
960037 236034
661607 375074
271721 245218
25122 127909
982300 13223
968927 124066
617160 967191
668715 105519
286432 111027
235758 19398
645116 951501
704518 431587
103310 19337
672368 532700
199552 249043
819824 111766
827048 843824
705771 465311
469633 559410
890399 144713
2519 913579
181756 346896
849301 287649
571460 496043
422353 665401
785973 504270
268621 285721
806393 247676
647788 915685
26845 145396
407898 389623
825786 78739
10808 917102
221114 687264
634481 474955
926179 990941
273966 350568
460054 123189
596808 475154
170519 76515
30987 945421
231263 278279
811561 7472
730689 377151
43025 419642
418933 673488
476232 219665
307868 773225
772603 997706
896616 325518
688764 400681
183890 393170
487623 837155
706906 617894
471609 589943
963072 340392
168025 628714
879440 594080
795800 360358
793275 320024
194226 762104
949692 70944
224442 404430
436753 23473
805113 793438
423923 678631
187268 784075
675534 129905
370166 683057
430003 918614
781600 313950
966807 662788
829842 825257
223411 786178
987445 94992
129262 664995
872371 226158
454871 358991
167571 484987
595944 772650
822255 541246
35303 48677
558175 571592
70948 510704
653043 196356
309240 928334
518524 408094
995663 481923
527929 221583
755378 542513
613028 435962
721212 80904
642269 378582
345022 334417
662499 773381
722769 878654
520992 417543
926074 96304
149419 225622
652714 875166
608086 638865
292762 147905
574404 458586
297518 615512
748738 708007
476105 483697
364200 490431
391683 330301
522618 535383
811188 108673
555040 528972
109379 712338
555115 306970
180370 313064
271648 238988
517384 387695
578027 472095
889683 940766
494577 690696
893005 449044
181017 830242
841848 9837
62350 736906
979426 467112
825597 378736
199181 772726
746541 772928
683211 284514
929774 4088
241021 88805
101254 748257
836804 1773
823876 635744
648815 194718
890813 365828
585724 505141
740539 279167
453836 820660
507757 797997
480421 451469
485945 741334
986572 600940
119228 123138
401449 523251
39074 230353
863130 571158
897431 689491
155535 864228
17534 9752
692799 28947
786215 643394
584950 930511
630984 282801
289778 386894
325664 146305
234936 603488
330784 364074
257831 645860
133347 152644
16968 398260
439335 139529
446284 736033
570229 71632
503885 952546
889149 970927
64881 261362
560472 342434
26349 987456
670542 910324
142571 717260
487702 826843
741747 262836
896544 462267
705121 659825
36583 776031
365499 237033
545793 479841
668866 721978
77167 15558
977742 480958
616544 472656
914673 772403
665983 867919
446611 360796
211476 53801
914803 945188
483586 600948
555464 330423
856048 894885
420911 522186
633569 290980
397938 873132
385080 805620
921034 591191
132814 429101
507569 39826
115230 686314
526314 816753
18336 834477
493936 67662
78363 141549
21667 755298
463079 141809
36020 289991
882503 513690
549086 253773
77113 377618
613179 366562
138262 15447
956643 70483
310992 98865
457640 844248
972420 776155
643375 939103
15383 96567
326048 902318
301052 255656
869177 376351
926785 792350
569415 97601
87374 534786
573864 692975
934620 1123
699802 201821
971221 32443
596958 4113
927583 256631
926255 614594
570090 58247
419343 396785
179260 318151
139333 285033
506693 157752
608989 753178
162549 936960
618178 198804
492080 351422
508068 60628
742738 44261
397974 197771
37080 819777
41825 780488
516052 288490
521890 441604
601082 161312
423567 665503
103011 254227
292139 917609
962744 860599
295377 755607
695617 561625
729555 182372
12609 761595
343201 711558
807745 765419
55948 305971
330878 181674
587488 708467
535168 982315
472575 846250
827923 894564
962038 125552
507250 360334
495597 845623
926382 166139
601351 994532
789055 992888
461676 539696
770661 125536
314732 894928
116595 60952
468404 574591
913780 590100
199512 93324
356243 27878
916043 954348
411308 206875
340417 426462
273824 630023
934820 986781
797256 811196
618322 54267
449413 525700
890615 97800
858463 390215
384542 790570
905436 75686
534764 521308
34532 284046
449545 688952
529877 805991
257470 949946
2057 188720
461124 817418
188077 199238
74191 774307
88959 530722
485212 616888
372364 684034
515894 392736
753097 656811
851127 147104
753226 856729
934848 576380
333890 10687
724976 217683
800975 906445
970215 832225
710921 935325
33128 905516
423219 646822
684107 932252
89972 776005
449847 906143
378940 607549
777665 288268
71563 990307
806850 772419
665046 114903
735850 622315
825704 29243
536370 24739
722308 499203
953818 914093
333540 408179
423774 254616
598240 234829
386050 126515
414041 41430
608849 842652
545298 723094
929639 808133
530387 107146
569711 550648
348222 81794
125770 112518
299945 586310
483364 814893
204311 478121
139311 619301
931424 612457
541663 925633
59508 450966
304839 598294
508513 926558
12960 215462
899588 592228
312368 353693
169080 494137
32837 439160
984344 784288
246112 704144
595639 363893
992447 814227
645334 579415
788648 207690
252396 61189
411408 568582
441654 744464
854904 466659
814966 456469
378601 941845
296621 695724
226672 799564
883011 39687
167892 157396
356848 443547
100597 865207
426502 583827
550539 670168
888573 657174
724140 123269
520853 718538
926482 990901
865273 2727
18157 624731
428285 840873
392031 169342
349814 390059
238876 23985
967524 669874
786583 218756
376576 157398
121415 435440
281699 517314
13701 531237
796798 733840
542507 601952
598690 62091
726166 561597
937988 365519
137423 496499
829873 263485
918881 279685
512228 358155
969861 886496
444755 294185
494159 206175
231612 783637
374898 147912
702287 364325
589970 344402
742038 125701
729673 203256
174153 967421
749851 165861
989818 627839
767326 204970
185299 921707
189663 447415
929035 993559
692807 425323
448692 550330
198877 306538
547454 57872
187266 800168
878010 51411
273756 455389
495844 222520
881035 836804
914692 592405
329850 815584
378583 270668
699942 957109
517663 167627
951802 340263
259517 988422
359513 997982
538226 696477
732866 508157
661862 937857
370206 152983
280010 997337
24995 459889
915933 837314
46575 239124
362598 753559
20012 345865
851 297486
303776 625832
387849 39491
402435 878289
22365 282552
557263 660769
239837 420757
554796 303070
425091 417742
530540 666499
773338 795413
444384 25654
724048 360815
534039 228916
660715 661356
791141 563958
173609 426397
370867 157478
146615 537689
903335 250506
614540 152360
402501 772374
787052 844364
612899 337246
532481 549023
924273 784986
908643 528287
581892 526773
140458 201417
362526 61894
934512 629961
496079 81264
475131 549008
929212 278912
590476 716527
653310 87838
936102 299667
131131 839959
393022 306043
842582 42896
647068 14041
851316 49492
185760 620508
44939 5038
993718 821047
615199 676702
855106 143941
2973 577549
455346 322275
437489 409634
434941 962278
861040 814265
450406 587459
69569 56285
387085 344244
76659 704284
596190 350368
222655 295961
972189 982685
486356 898908
371581 954406
916797 736793
590027 918413
63650 231064
638603 581099
131877 806504
180047 181859
672315 5225
340573 367319
919703 180464
682309 564816
390792 260253
255689 393010
926708 830425
269092 49221
303424 80560
927771 539451
582816 717659
34393 432356
739430 903664
743263 479362
109151 624312
408749 621180
397418 148781
111041 104098
554224 446327
903998 380575
461855 902216
262110 592936
525042 813007
706801 106842
223448 891464
147598 367987
140939 603552
635370 339551
672065 637186
882841 399697
98826 108918
661941 986116
431358 154237
451416 912070
580771 97760
413909 793274
758132 816254
360696 344121
508835 880730
737971 778589
855377 388339
185162 559232
898564 489970
498103 418540
934626 961027
569579 207214
460783 863471
110139 752961
633887 923658
667229 947182
827889 841413
79188 228962
437823 985905
560562 203492
893129 430617
889461 37099
65747 402948
891380 6357
762998 487890
100076 635909
777356 366823
335837 294269
648489 214930
319468 538709
697543 829517
3553 966372
957363 390854
373264 328589
747107 281712
912467 271682
84582 759924
265254 109168
172578 919676
712109 440604
861197 690547
554162 796525
63034 915661
540240 587910
679000 841379
898086 229717
538751 407209
595512 108002
966259 290227
645637 610243
702907 639307
501403 595871
516774 856998
321922 485731
709349 554194
868742 405429
889062 905123
897562 164328
735871 688386
198457 694287
422344 17439
366610 386441
903996 141433
604012 90446
584924 806428
5719 178911
222984 982217
797788 991687
588995 437587
328922 874348
780631 810667
377709 54816
173850 348664
318312 125831
903317 777154
510443 784043
140469 233478
902022 730840
915968 234885
396855 408869
782641 931282
760445 637071
194274 65215
697048 678588
650479 418010
819341 599325
277016 13263
18059 650097
948 986941
911761 476193
432635 816554
79022 393289
705827 398200
102134 713755
281165 302191
54647 467039
357941 205705
224162 823722
528453 533877
417545 966927
531796 937466
575031 828056
894009 697160
709741 219096
797376 566778
259396 200879
532310 156314
986608 655131
800457 975750
405841 572481
20344 304655
410115 884761
652412 457798
167145 793334
481282 618482
425798 926867
165925 474638
648443 764854
689133 39843
94987 364369
287247 596195
283163 580613
407819 986735
695076 473890
3410 850959
373852 376607
394322 760076
232502 216273
472234 133985
523187 54491
609976 912986
263326 311724
479864 97840
175758 2310
155475 756424
512782 507426
569181 868258
678865 996551
941174 251556
796508 692115
896779 690215
404484 325852
268014 932058
699206 548084
416306 785183
296036 572427
368399 869369
404925 733471
875305 653395
698202 714191
643265 719652
533937 437922
152172 650392
958772 356621
86606 367845
487883 190896
296541 258431
878742 64740
669050 117701
311350 127394
686186 44670
502381 379055
957225 63205
79813 67992
321949 75005
235580 971620
516233 777889
14867 204490
443245 808156
342846 642670
533220 881543
539513 970105
177444 814798
247208 362786
657482 743100
784316 470724
101005 425409
644627 519798
61380 293360
596847 424591
121705 550913
3592 792031
712756 272584
411244 832530
753772 761109
192237 140426
374975 891800
64734 292526
179102 143408
46925 671506
641631 618783
320713 215249
393177 609194
587361 810982
745768 634157
314614 555811
161703 886494
940486 58463
612266 935145
36837 771290
853750 349962
73713 604325
716602 708387
297628 825034
274575 199754
261868 85425
488969 320837
821700 870735
569291 925137
62863 575472
440424 887073
651659 920226
135376 332116
265083 868850
489262 773017
477519 448226
597314 584433
686361 196243
245640 888833
298816 940819
174724 332909
67439 322575
413096 639855
239971 247937
64002 23769
442359 692991
151917 915272
446967 257220
585200 44221
350307 244714
696597 458005
500181 860386
653744 27736
605759 474166
928900 577429
810794 806000
406783 45664
756221 578185
571303 349347
570428 656781
338615 961796
852779 772103
794895 885675
912739 303844
66633 454303
388314 573020
362657 954652
523191 879059
524891 31306
759840 960252
244587 337074
172692 36597
50921 272311
65561 676576
882007 190414
719930 879923
290044 666864
896921 803815
708121 281065
995434 723690
612386 383777
227462 171649
706997 478138
730944 592378
53478 985903
894615 340255
204853 658703
457559 750407
768855 685538
897353 581947
378583 483897
282624 354705
965158 1370
697456 995655
658625 662633
380420 929821
887188 369530
333113 698697
642943 546501
893416 200851
135919 826808
640365 375877
487534 946207
343531 405846
774090 637086
510281 524729
646435 719556
413096 410314
52017 777564
740206 33091
234642 259180
785984 559026
164364 41112
767132 987845
355233 583034
114686 324394
974294 875223
247253 413167
225811 910478
751283 587167
611507 123287
326708 353480
777083 95646
536223 477095
308243 447961
415031 386920
404661 192182
660603 2201
579525 349552
469573 678123
191426 757341
40957 887670
763693 191845
479751 478678
868231 857705
680092 313056
102005 167787
237732 96539
80269 7093
622812 582116
879079 335209
84047 426402
280777 758674
861675 396806
996197 34591
529799 392467
236483 147975
645075 920481
649828 940490
279113 493974
744366 329531
848358 430652
398758 308180
216528 627398
487876 433219
903793 55527
78443 755095
608739 938085
324964 925805
952950 802405
529171 754658
331724 736846
85355 968841
615664 264328
575706 132307
444617 54256
882690 666805
648491 887625
376931 783687
877849 259261
264392 742848
327456 351476
97193 874845
341516 770313
324244 172986
582660 768613
833588 7853
625827 625699
632522 738357
981922 367684
253895 663724
230119 612689
857388 404528
428145 937461
18932 536043
462665 278460
298911 631430
73020 227988
879242 119717
417849 468635
804296 447620
617286 474164
758562 287244
870246 567567
723951 715995
43444 632678
914256 567195
563260 989578
432215 607458
848008 925393
111386 45642
882423 354948
117990 43446
724682 790463
332197 23911
185962 133814
872770 860031
250519 139433
160093 142770
372302 134388
24988 995167
68944 388504
46415 563182
262937 660240
468655 348739
374787 206175
36187 231610
622748 509215
402569 887651
847943 160091
196505 143848
159998 480869
439748 377412
605545 775537
364332 959045
267095 907650
102940 111601
696544 600070
27586 398935
533335 171315
39767 569651
628398 639728
628540 623374
91840 825183
3613 21058
852547 307887
292497 230286
10227 578809
788171 90100
849627 133224
723159 698339
855878 151558
424755 221299
613481 169590
803138 685799
653565 813932
630082 63026
787941 217341
347581 900058
120737 735960
767112 639968
623 882879
507925 472422
601403 142954
714442 626341
284673 575125
481497 636216
403825 996613
655103 538300
160943 31704
577442 519612
876660 438193
968769 943603
762495 728961
333869 887673
920360 686980
51453 895115
35981 353121
288685 384716
493974 122253
975247 516519
691210 533107
798988 428512
373465 399137
782851 489097
470184 504933
397204 17531
591271 521384
106405 896280
328578 207391
764166 35493
755026 425124
661293 171135
489321 811221
644765 523055
471511 233464
178713 48348
147816 913809
400352 319321
103821 205226
876908 44455
887303 612689
909717 808885
168235 967067
25636 709922
869046 523154
959885 198805
927012 352319
317698 964865
78467 68181
197621 340087
808752 975228
729385 742797
187238 808175
12697 281987
575324 404440
946041 471895
526451 22403
870347 910382
378233 44725
770285 569794
290480 116888
111860 867104
224871 858165
998726 687829
175669 71672
460934 26031
347327 473938
733379 676872
858838 642261
524234 532336
465406 747742
232175 365411
641596 956924
419002 664193
273220 242110
643557 388710
330846 319493
834064 279979
140784 310286
737298 220315
973066 377669
197594 598149
869550 96418
272438 919406
185303 125812
149313 346633
534153 594602
853846 217339
90092 928167
482535 857298
265887 467333
697784 306065
257143 490627
900912 785583
986686 651360
780092 127156
778975 251023
287118 593679
678476 808797
41918 529067
405110 803498
956907 187769
403754 946068
94581 159758
629583 905613
134827 150552
326787 530452
492337 50533
108030 300236
430356 612334
230776 383012
86099 252410
52165 537178
900352 72322
93572 499013
17961 30383
322139 842760
383422 9823
130835 276110
635854 108769
16891 401973
769316 285341
30676 251845
663447 117762
648495 984493
668835 681824
10396 383115
228037 432506
507357 192983
116730 999479
377206 336494
856365 846938
614407 281476
710454 386378
648667 357620
878931 539359
67786 860421
238267 2012
551760 206813
300515 263333
382405 663910
12182 61250
636547 586260
226368 94032
727295 878283
628898 709769
197268 632007
527266 363892
934162 636568
