1398
897698 436389
63083 900303
65720 650329
352909 160512
12493 791840
710875 801576
429013 276286
962442 501235
410434 689579
129664 964643
796572 458534
647971 669158
271860 570011
307067 632141
491385 577776
291648 857503
798277 771396
85977 61823
58190 35663
572184 106633
225011 958567
472043 778597
837187 248583
358757 192971
326259 578875
612432 931614
974104 58392
971373 408853
116885 46404
880277 378513
342236 271518
789331 33795
860911 265995
462439 344359
709605 693945
676472 462163
690967 758571
10626 516070
197594 14483
114580 858858
862178 590660
814615 477046
266730 286426
804731 136128
805409 886954
517141 773953
741107 527490
984728 498960
233878 582313
419953 927781
236164 561360
642253 543885
173422 133850
299729 270526
378536 194079
169634 998855
58614 872294
45581 200932
187798 657895
52687 191994
471618 200721
596150 187303
962525 526454
716420 495292
746975 751139
94164 831688
747916 359899
143053 765203
267534 487733
148611 402178
996406 517222
484515 677342
582029 408681
853449 932007
56717 59449
458047 795557
611548 227942
376898 573680
831455 73182
681916 916053
565294 656898
78256 278087
654597 169633
51480 38283
401029 727202
825560 848730
388197 916692
280854 265959
196434 284514
874268 755343
319581 916698
536763 625301
758249 816410
781733 761151
615463 929443
135792 76300
337671 885840
221352 111914
737852 232018
888607 742122
752022 224326
655024 180968
426305 569645
57687 999386
496633 217718
218266 661646
538587 6594
292283 861309
382019 932097
857733 964686
82800 116641
496496 809990
732387 798495
580245 624508
560547 248832
880841 925361
45686 546449
785750 907955
417565 377044
546874 55688
385868 782278
665312 959347
165566 115111
331111 327246
412434 15612
636010 394352
925119 654186
228321 557243
858565 1790
564373 690351
436071 470973
922848 295419
603202 278706
671895 292805
562006 69979
206392 759777
337616 220640
272469 44196
383371 705556
103670 636931
648483 327989
942700 281289
425134 976219
979544 278867
283182 481284
107030 383859
810725 545503
523907 996721
36786 47318
362241 694387
941884 893446
424175 684348
89630 387650
794422 571153
381198 175859
796884 282390
199665 530904
190974 31324
894107 134277
668719 788599
255099 966803
863012 594111
425549 666790
402141 760910
752322 54129
481307 654833
645015 616935
682809 654220
475194 104741
23456 681544
778453 867773
59269 285316
550772 804974
591034 815482
619884 145477
71499 893477
60742 105866
148272 365194
463429 758064
492596 348424
191157 875785
532081 496921
452842 313798
112266 364463
691420 694506
685758 888644
57961 69646
475357 761412
948718 179367
222692 123926
590645 360036
560070 487786
711124 127760
601706 724676
436272 611840
804438 53178
867440 887462
49036 392697
173696 637449
549447 507825
709446 319291
235258 197327
910207 444012
709880 521471
672320 452391
801972 286720
244561 96959
881412 819306
679250 888529
708646 328237
264337 580148
796023 248005
776859 498055
776972 753129
834845 147567
599019 963970
209590 296893
857644 435414
411134 172884
748500 294894
147236 792902
660120 144953
891595 13064
464256 785555
269499 375803
905639 882230
10589 391495
341704 555733
365577 305662
627422 121863
842858 325439
931005 584232
360400 627299
84601 69281
304128 910471
663680 190140
903359 483826
994063 474893
74485 604590
638006 768466
961379 29746
770180 718930
434485 266881
660344 753997
463093 928637
250639 827370
488643 745216
323792 745858
360205 794873
374500 422957
66437 653391
379559 206356
76133 442161
579426 182104
235547 90451
634614 553864
822673 955322
349892 78724
583108 888698
57743 416564
125190 909051
12775 325226
25263 904183
938932 839472
415067 312626
291505 887523
505526 180816
47964 547227
691717 532248
241226 117749
444489 24971
155920 192200
671356 364207
910028 51268
531909 823889
293036 809054
524037 554791
462096 610380
714624 83455
72441 900678
536819 627706
545079 149143
362077 377303
342328 411313
170335 529061
278125 278992
509566 873721
929429 386278
199613 485618
47944 218556
44117 324029
597264 182655
36457 589540
389055 536783
354939 276720
873599 713152
540495 333132
146642 398620
645736 147977
566574 414002
851446 928814
105898 132407
485587 942435
421075 820580
342479 217281
667121 672715
877088 49138
837507 101197
388416 362678
90189 846160
157832 474076
278294 764909
820534 418821
332102 915997
82595 905385
45230 404570
418785 769488
732041 306876
431316 901228
647881 369374
10202 433922
695796 968703
707892 537066
124507 668199
262478 359516
398515 665969
641279 518804
670446 365230
118177 696323
328243 629157
314525 508107
639371 670247
211572 942041
483168 153134
17556 651727
440684 568591
276564 99623
686057 439719
218542 209395
468418 171765
658519 913009
493299 678213
737172 14268
977630 472631
291362 221653
600924 504634
8480 422082
9318 773132
240256 543050
502217 460886
570137 6678
694505 213426
257489 167619
561648 885835
545305 141321
104853 526046
907495 153297
694279 743991
889210 872276
454358 306010
608175 542223
167955 663371
157464 63346
170797 170717
447567 5695
231148 486993
133700 875978
982115 581841
548574 624227
525546 717070
561524 887499
460257 141025
441171 477561
108744 193136
266748 939685
832609 465397
515267 302322
500806 796478
132539 66658
930683 537034
586570 278356
533953 143316
102756 92848
141546 560156
80239 171633
553887 357037
510088 470644
139057 747290
410333 282980
275189 807577
797756 801931
306290 161605
405643 931255
190807 177169
574344 184934
238402 154004
120523 670941
450781 296965
67307 678473
757346 593819
307440 796898
598876 510306
591959 896853
530735 944955
230968 636695
188750 628991
342425 969899
766704 98600
637379 180076
240343 568230
370101 24533
554814 80617
128471 653105
472982 921106
103983 52232
912906 383214
452657 48087
755306 784480
847897 283930
454705 844540
255744 891113
52509 684681
184509 516296
161162 995903
830308 141667
952316 376595
248659 781832
412053 514439
574892 684106
250070 405216
530256 520413
836380 918944
147031 56981
287087 646317
830979 309450
192078 29608
704718 267176
548615 40320
661501 82394
985884 680028
853630 950620
743275 477410
572184 175459
781544 413308
600654 812403
741149 567482
924676 259777
384065 641982
674911 258997
15823 885926
485502 548887
427854 20967
808344 974473
732592 268675
187946 333928
804099 645651
41622 863223
231677 894387
121220 404706
952099 462378
208374 712885
679405 454193
899454 142890
879404 602348
816304 439413
611543 833921
712670 567510
839634 839519
441528 281008
3413 194528
344250 19685
54211 98148
749474 385621
928704 927007
81177 548052
565506 416229
955899 159567
530731 851693
571427 861044
742778 677489
249241 160797
41256 898686
290243 233838
63215 859284
2860 47431
456057 815315
570352 865517
500347 774747
786703 182067
69636 261144
678018 283076
17597 993419
359930 602641
716242 809794
37959 837111
645273 770717
543999 441348
973020 898830
835267 544506
824507 147109
337407 780666
30458 19378
954239 611180
215259 260535
771532 618767
654301 108571
126181 568721
7264 551228
457246 752218
944565 866116
923482 900046
366622 92117
16527 337057
991453 915192
912420 72223
109660 855552
843734 546076
746479 765403
41536 428114
686935 109546
825342 448052
499100 208735
52463 77612
540977 254
649610 941159
795213 744045
246856 853228
991791 54930
695290 428624
796267 331791
296605 176931
826327 791253
552214 796665
248499 372956
338031 175010
665120 936629
286910 643350
412865 166278
11058 134407
449314 649652
37421 94747
645867 222085
357844 457537
497882 108178
15496 371997
680878 270282
728944 784555
31613 364265
683278 130834
893457 944788
245708 915694
774049 344722
474620 175420
709041 621032
804372 443065
526742 272589
506353 236246
550246 478218
533634 776876
914813 480320
179402 485820
134369 273069
865287 742134
155346 992327
120979 221448
301177 969579
253574 549906
459885 143577
781208 565442
149536 232942
921045 662228
967609 748876
917274 770792
142471 249017
657515 170635
513936 197762
508858 465294
654417 625192
291632 393167
867611 332233
75080 998295
508250 911778
30952 888787
366130 690526
792958 411409
814119 294051
323243 983496
142781 46372
19325 252779
448579 369908
748673 918398
882932 891530
123183 372038
552142 207140
689897 106064
68572 69880
511024 377798
169649 84801
882996 379968
130200 183640
811131 873614
645187 249507
76154 338604
50601 885267
238005 157172
783677 53265
509654 129788
481464 9418
220720 468227
856763 559500
353349 485426
598489 245065
63509 553846
556559 121890
98859 416807
825281 145676
28055 3525
518899 634550
976182 149926
14295 240084
126380 640504
575835 613676
658417 737292
319299 570199
769956 267808
16717 924341
292908 272908
378624 298698
688103 907566
580010 583024
501988 210920
638661 534735
583808 915170
708822 239176
517577 577625
264521 917917
646960 994423
250949 783395
385757 865598
207772 677862
102589 272071
541170 222176
14742 662553
414402 5163
770949 1298
749875 223878
272723 896483
18950 44241
781472 66734
272882 46170
300088 493883
582664 921123
483599 414958
321333 565566
692742 357760
88709 597835
710142 5737
221389 577774
993636 462248
729273 838720
430567 291712
347853 342237
820488 538609
148307 925519
947679 251456
297038 679324
308459 67913
769713 641589
63805 368216
474127 619567
227569 602030
850800 133217
986707 25459
201670 393847
701782 483512
989095 468314
573833 530863
719597 29929
512217 493969
855824 208528
697171 44138
188632 952572
920814 483229
855891 71415
57562 14618
58131 732366
500543 150607
810283 500731
6917 139214
407432 459181
973424 798912
229614 636570
358037 53835
637386 344001
278247 757011
234341 892848
814689 899457
183969 513820
98355 569289
794829 320926
824984 978858
915673 175374
418271 312667
645240 524828
163540 322218
781952 895405
324549 700685
197400 871210
448592 193506
824099 977915
211702 695125
577404 473691
527444 69152
549152 388672
753116 642929
705433 408205
839423 54174
734749 849427
665588 148030
759111 112105
494101 953627
943764 418818
941121 886519
276401 364916
328626 645783
422030 769331
336501 261308
370224 513405
79281 718730
735660 233556
394800 457267
290866 329858
187659 61773
883803 754898
280374 972599
204282 861729
588582 649601
582199 834393
877273 759165
268155 496357
811465 561678
693448 456269
585761 246894
843087 734952
91683 576288
219923 763731
44443 413836
268506 615741
783111 836578
659212 404119
234525 942090
39842 744999
539099 847725
134294 315294
121704 811872
4620 471486
391330 564018
523080 294976
827514 559550
871542 394314
746934 912095
843122 890465
938555 26190
889996 144410
879586 149245
270141 419384
426148 989504
999971 471649
494886 274377
629724 2537
76976 51710
388683 403682
674030 685369
639918 335237
13508 953563
524926 17903
510547 624411
900691 722363
888526 120678
70313 76532
23907 787144
435650 880094
385477 163594
269006 131745
979610 235489
424323 789792
738789 41828
366606 228813
599167 285936
725363 961998
802308 897394
66374 411447
919222 489203
913368 66861
736766 55653
423864 947449
364776 72742
149127 850887
191545 900350
703258 144801
980595 946955
301579 731007
251818 960970
331391 888394
152599 169621
438808 707192
378536 134388
592378 469663
740521 721119
736641 571214
185960 172250
260574 97962
809510 793134
640414 673065
839189 695736
238502 573805
57622 359980
92055 291534
350688 98037
547097 211526
200536 146509
199705 298871
668473 152180
432074 910011
658896 760667
316417 921566
681871 734311
219530 492715
324272 22551
830931 488778
444578 65599
120380 903461
619943 89801
296694 765017
857014 483254
626080 771713
939445 536992
55087 288809
983519 513810
658465 300685
118887 850289
575746 215007
552920 759799
723978 730623
192078 853070
179803 256375
264135 816238
284476 248753
956793 569364
220574 345556
978686 941515
761275 989406
88057 123487
360551 25577
974300 748432
908018 730033
569907 136722
321265 8124
479571 842686
741815 864197
557630 369720
790196 31469
665096 537615
53476 611590
447029 148981
826964 4651
334134 462144
51189 235766
200066 70258
62951 60901
988260 290593
709119 886063
271932 310390
347642 114298
471549 904268
23057 636696
848390 240040
278944 604706
534729 601880
566159 603216
333079 345136
460303 9939
558736 724297
866099 667967
412615 185954
118973 708419
938083 121067
855341 966298
568709 161646
877257 155489
856981 784043
31935 380910
168274 986538
266808 990767
771484 939353
510607 650943
634117 804201
415878 872004
728554 325932
512927 954775
266230 111710
401722 679764
438071 69920
668265 141985
461310 152644
355042 702946
386058 140678
751946 543203
535578 363414
190149 967727
196101 103388
693523 583601
679675 485820
446094 51117
785936 175531
124585 107773
54891 372635
121049 835456
860175 910738
31928 930968
197734 994619
879306 765491
858357 785318
29641 298507
632082 445061
904316 324600
711122 51228
788775 456382
47518 218255
501701 355921
211081 14960
647616 523516
684597 88051
391721 111423
383176 634800
889976 708900
278285 234578
590554 800316
146396 351192
430202 536257
672140 531210
63687 262022
582314 111009
819483 686369
788941 116598
8956 859266
954245 699520
583555 704715
76707 742203
347327 855180
221810 916125
633276 477568
422497 949769
825598 944187
350296 711898
52083 735969
874260 841210
324611 839024
588935 427683
945889 479742
18211 117538
894143 450997
352190 249245
463995 668499
136925 170492
508996 267626
124504 754100
194545 319943
753270 370141
990999 157117
402203 772731
202053 689771
452004 940098
305228 438895
281969 920520
19178 252287
908115 614008
125945 965909
144015 180821
703546 436664
739859 403196
17039 619697
640788 701423
449656 619414
590239 484548
783376 111435
976735 971432
113717 931572
159664 940445
100932 269848
359840 416975
593627 744838
728360 408536
580428 264434
510928 727509
679133 89631
81544 49322
500033 269698
121124 560174
623938 103919
457498 842478
731106 589391
378024 238830
349692 14017
65827 714352
12296 793049
139204 376603
46446 990541
412019 104151
720123 775253
965839 547227
440288 318342
687403 965743
864581 736616
608472 882806
493903 156182
107410 670410
128776 902512
496396 781127
349737 742529
50839 574826
226139 10390
733757 427859
835957 937897
277250 917000
119006 470690
520229 421551
877482 639449
930290 245871
842789 461028
780371 540545
117330 112005
243621 961246
389283 920081
442907 400913
669373 982690
650958 973283
487164 995392
160207 615130
657 356464
474558 909441
105753 486862
395484 191390
796597 369074
656500 803459
340938 775768
116777 780305
941780 908092
471860 371871
596362 548531
719206 145953
601838 618083
112625 630837
587852 211332
355026 232933
672945 288524
2631 149821
219515 550268
462708 850049
773043 354918
108159 488286
221034 171989
891404 718237
923692 696024
69010 733149
621681 408843
351805 985129
312029 420281
635681 503729
330823 168799
472407 503616
302850 275421
513914 581032
423828 875897
526298 163796
570481 628171
160027 939470
523015 412365
273993 592655
447878 488385
719455 612969
354496 977241
796943 237767
487101 534538
982895 96046
792318 748004
146220 446154
504660 246739
579624 879775
750935 839907
569568 924501
224855 243119
549271 406241
209609 681346
344681 888269
374101 827452
906326 768354
219163 406597
775535 791482
25281 897924
218076 87682
457076 962248
845583 722112
127672 163375
549920 128724
407351 983539
426524 731201
908881 845105
440627 187520
609088 10880
680763 377096
192987 257915
77550 47424
524449 949013
254860 743213
682327 856102
702541 983533
212711 810688
785102 144061
237028 940084
115168 882433
242385 474315
9102 775061
3325 878403
973627 17028
566532 819983
918102 225199
881585 569017
325029 492918
321151 615303
840800 421044
922751 487429
424074 365430
955200 927286
245724 361530
81947 449782
109303 458027
146824 771212
19731 103757
176896 347329
684117 120508
886661 319754
165492 428147
985872 495258
564831 969125
43843 598665
478667 939645
405783 646100
301225 301967
274907 366260
207351 820538
71888 366131
561728 575779
169829 700014
844895 953170
858422 436500
392690 672340
863550 524457
628759 475934
495641 154168
625650 843922
983334 141216
85901 595522
736094 229203
809037 700801
944733 387213
692575 12255
546264 256629
526515 366687
38956 657747
959826 300863
122405 185877
627364 60270
90873 455070
440409 128866
198763 835232
645419 112294
40968 633439
634583 566624
654815 206898
896909 516919
120227 123491
352445 164276
576011 161393
714011 266080
220187 459437
979095 294426
365494 239057
638393 556156
283613 316477
954427 389008
13572 404004
434685 199765
444692 266561
685541 51110
53359 202908
976241 133231
835789 44892
844777 517246
119892 718185
612714 429992
973421 566391
580319 416202
151631 275606
185441 339240
200023 588907
301723 564778
81443 637725
758836 179487
295502 922269
233016 917755
897567 789074
90248 933163
232454 515549
702320 50026
142068 88664
62314 698299
934349 60225
791518 397111
486312 477005
790308 721145
45930 68315
846919 682261
120505 719737
79107 22524
637090 717730
247948 93480
523260 910496
822337 840285
44797 93513
312403 524410
422072 783761
205055 833671
963986 882662
165367 713365
698481 374103
955024 787928
699743 535904
49336 215728
489594 780918
170807 690018
912237 421757
775162 682112
808472 642392
130246 732459
874204 826905
684825 971303
183778 425760
637768 840827
438494 987501
703553 440578
4591 360190
866532 116774
759615 398132
431145 968787
753565 696443
260124 709209
187257 501793
795568 253565
626974 482659
526048 12120
90111 354889
67808 815755
422308 804786
908334 811396
287727 497018
492029 236828
457924 460636
269612 388205
612139 984659
936210 547792
385231 333999
719688 378680
115092 910072
881175 862355
41503 457552
592313 147575
371511 300512
371235 167541
407945 262646
375821 885780
864809 788551
991509 610599
297920 192877
379655 20673
309060 478659
814232 704149
715602 465107
515348 19227
249509 447930
828919 890698
639116 605309
549050 378984
227587 376009
78823 552143
871350 889398
437018 227876
83823 724985
610421 966527
831519 841626
280283 888868
298471 14323
467100 687749
734486 487524
216427 469732
813724 832958
220734 820938
677519 771406
925577 688083
491383 590745
573404 72969
441662 633912
409700 104467
411940 513512
966449 185879
331103 878662
640375 544029
547075 292175
623526 124939
597350 25482
408804 399789
544791 876944
443129 205362
857916 440390
589927 657823
667697 717914
427404 84682
195021 754843
576489 210788
196593 796978
990189 862722
474868 700208
691224 955706
614418 282370
950400 751946
306816 279721
848473 3419
9831 623460
356646 410870
150468 20262
742712 718198
419411 248906
225871 618141
684741 303715
561468 472774
367915 197775
178892 866357
625765 175822
434879 570474
61874 555159
221941 294711
592454 567353
960630 732489
734798 808944
850149 575198
196942 37828
220774 904289
130088 221206
803978 504242
56863 607245
863224 919128
248574 839411
158060 517521
582181 958764
186848 625241
885554 116283
388819 540744
954471 141187
227638 174370
1078 539418
789987 255122
19988 725705
432713 707050
774756 812026
382184 464839
819440 289282
411186 678419
212192 466249
596207 914590
886972 903326
157603 485193
126193 811866
807354 507332
884466 766381
357175 341697
798894 869340
865220 424067
793559 491463
706495 859736
225931 505366
115013 927111
614368 492907
642402 685507
389922 514889
252900 316154
329657 855366
87620 951281
176798 608236
