1439
856985 167184
226198 511879
763869 145965
275609 495408
236456 592813
294250 919018
404676 733999
688512 121933
528440 864617
278536 746782
607705 330485
284173 887911
301188 340107
487746 918286
251714 721215
924275 240620
566024 358395
689310 932013
232343 686190
333151 724307
719575 768501
209693 243966
544072 434108
263989 5206
878421 705059
676068 322704
836395 600167
279972 299662
975410 837203
311451 344720
144580 342655
558911 944690
37212 749893
993378 358258
957139 598824
98831 138862
979162 600825
425026 227714
206924 154540
798619 710148
242061 276917
565559 185878
539752 630018
855736 645830
559765 902577
266727 314839
665743 257467
962468 293014
558139 192719
68148 533428
703448 447641
138515 857075
14169 215814
23695 98872
927354 372573
263553 563024
992821 181312
867308 425869
798854 624852
587749 855063
318901 63698
418789 940472
263868 538979
947573 535876
448405 886343
74531 538516
479373 190599
580882 867695
448203 264003
614816 228497
956966 533337
673593 107777
764782 309222
788995 962541
803846 134798
26991 594020
572893 347584
93446 780615
612428 622269
256743 703016
179302 781614
726007 32674
428028 317480
385943 717952
652069 807822
453871 849486
738496 816900
985155 296713
220050 516716
729348 596393
262537 597360
143278 751676
859082 731649
872553 213400
55537 177341
784353 771303
856667 21471
733999 525461
747951 906577
38801 378646
610703 254664
502151 999315
445023 693509
692814 159434
604050 257873
944363 946317
134235 990125
325911 294152
961171 930319
267248 192650
472980 929400
687509 312851
872564 383673
275288 101274
259754 438216
244915 832215
887135 971393
97903 119680
302432 519940
483357 790848
624301 278751
780360 287747
741454 297519
667943 684708
764613 632532
457400 163293
547191 762787
640682 920194
660520 616743
432167 859604
345637 577297
591977 45070
732896 800509
232567 787742
474056 75865
531941 823883
78487 218094
879644 93557
480115 620422
338451 590598
204283 713240
61780 377759
316843 181616
547923 612585
221410 155109
572115 430984
807151 303268
631352 761160
38116 175169
636775 425485
464301 18993
485240 841281
843969 701367
803505 189828
914695 700112
324043 45571
458220 614001
289147 96156
225678 926359
457290 528169
384630 25322
91669 603306
443566 776212
577274 641333
595553 163133
841255 144880
867710 531934
187445 958592
255720 125395
795163 573729
749037 811404
422444 335177
499622 989060
860384 185984
257325 434389
175677 19552
201230 194557
355469 115880
514441 346520
375865 299181
369181 537894
722130 462269
825643 710181
164347 254050
3511 646795
346328 338102
90552 679899
417756 220456
255109 254192
189531 713645
95169 852098
779077 706372
112932 333784
886994 79654
474868 964857
61878 496204
886193 382719
771645 533351
279946 843046
175938 550067
877613 623151
552823 568324
346524 904920
228047 174961
894870 207327
18990 773652
908916 831559
119928 721449
363314 673023
236911 169611
642106 638318
651310 102208
444817 658208
643614 705418
331009 602681
724097 958595
697637 206012
661532 334955
553715 193201
465190 553634
945921 342458
858434 582188
243752 896891
92037 757748
472280 38455
436235 616822
907826 485507
459348 665949
328698 93385
654718 306600
563155 826117
554262 239958
440064 510979
90926 716779
782136 467280
329701 863828
467658 112400
760941 549359
747474 443974
848926 133452
325974 248431
587667 708812
529098 401321
864641 873690
679150 456809
724042 266752
272064 612836
220854 583240
262525 170384
276828 65827
415672 168377
91070 689508
475860 421834
699110 800937
238724 130147
821579 295913
811201 556720
736574 292847
300156 115719
103548 162375
124199 503323
161117 605037
513141 470624
32353 228978
770969 34343
698446 205474
311465 201057
81672 642392
508854 882604
626381 87888
555988 963094
138709 812329
607321 949948
438477 30887
696581 593600
873059 393789
666940 666601
676138 804333
668915 340541
410523 102645
148642 674288
388491 85106
389628 457869
921724 71088
635396 338103
458429 955204
152543 826114
611361 861477
287530 395184
100436 941683
51718 136851
758550 458850
225416 791516
382928 227471
694444 860224
736436 678631
160271 806261
114152 271099
526108 932486
452222 811981
780703 505192
16304 391499
42526 630729
783992 543123
47009 867424
746511 554199
468580 630668
284058 646854
842772 537958
585646 525089
42470 226144
409677 808597
490880 158023
646439 428396
574151 973765
428233 376018
897509 816272
656284 877941
492428 43839
91614 910224
735902 214394
726851 153640
609430 919522
634898 119474
797904 581420
752367 198485
836652 63402
268612 431618
522049 564068
990635 461812
920488 743605
410052 562430
332831 583446
11337 523614
984550 334282
15375 985056
617374 105550
229364 501536
325603 399403
921981 795489
643453 519614
527333 593578
427107 444305
125037 945225
599915 126211
817808 261954
242407 240374
858421 955784
905046 224548
328666 90068
657097 463833
16884 186103
426309 390584
464545 828001
190445 730284
834499 559049
667621 812857
708048 22377
538840 999898
321583 638323
303792 110338
844505 923162
271957 788247
844566 840468
324152 916897
824862 762297
801871 121861
3867 730178
229337 15356
300759 602933
565243 941710
115203 996199
399113 262688
177256 333845
562760 296853
225945 948301
472625 779350
603545 992178
203088 612697
848953 152238
292643 33425
257161 455356
765259 50999
777470 760451
267293 660583
797304 591835
873901 357589
77658 138649
979407 406914
627059 220865
560512 818069
330359 300322
860663 307848
943682 700235
721610 761166
500349 514976
124388 320689
497004 566649
571850 103875
579068 527872
593287 491500
135686 511652
161787 27615
949882 492366
891295 461186
252370 902069
625010 535904
103069 543317
887620 600933
737994 92446
321263 608594
295954 362175
499182 692401
120258 982278
587817 583914
807944 577219
557128 300319
520812 480850
395194 296001
642854 270253
276644 757027
468715 239186
917006 861301
426609 965071
178916 152141
665094 814963
420354 258808
537322 899112
533458 350222
743631 456592
500446 616039
158769 591082
464243 426153
316800 244990
649065 73
577855 682506
417520 611526
829910 566193
898626 990912
142521 727641
201817 444068
599825 772566
483772 168809
33458 681482
645517 573674
745534 355850
287798 240449
845115 519587
53040 785550
821441 364288
79160 145016
69382 541467
407182 518964
553805 460678
611423 472735
954989 91530
207203 648985
465325 812057
473689 540826
777027 728558
754041 598682
388180 385846
916617 626457
321725 684717
801621 438794
631124 528501
852623 315794
939305 480054
4475 230897
569839 302597
87703 216123
302815 419995
44659 940676
864887 535055
20736 990169
515855 843386
324573 713721
120242 661836
661788 695003
431712 699962
338543 19611
244345 854957
953959 7371
255158 242044
318107 911092
932807 477118
736103 874830
572781 261500
773678 235600
147934 454934
927050 603455
326042 948374
53963 655272
43787 663458
823063 222664
589637 842891
855199 664312
98139 567763
40347 46752
694952 603472
915897 634486
447510 893495
957395 952411
882157 675533
975736 292939
812627 477075
534204 759613
642610 742937
270000 308865
182198 948521
583071 569763
880769 759059
792150 321889
240669 519800
489253 860411
686045 818058
627374 486374
187267 685110
679963 627779
686421 275931
670198 268857
852025 410579
326421 52820
672164 929941
635903 249542
385620 697057
936880 773873
234849 115658
817729 696368
72433 45537
554509 242973
236966 373203
606530 835421
579830 437396
305279 99733
198061 406071
841562 589940
616055 840664
120217 937687
196677 197526
656273 566161
574367 277067
689297 300376
460884 406534
40517 271317
115871 324256
902802 162692
694647 310213
336971 336722
404680 549510
554165 408832
694880 52572
217725 796326
129260 752940
866777 135352
14113 586328
771363 445732
385470 497455
825740 245636
937488 697382
971973 565359
962513 312043
635585 295741
597922 548504
451364 396906
965454 376420
380885 222110
314552 677473
495976 279310
682724 141129
511104 69327
406445 699606
530225 911049
235557 345058
641254 246558
566916 256891
790534 186689
887137 607672
113948 300585
557068 364227
836808 606943
193079 496007
298557 979255
337419 200825
817054 389092
781044 497724
571540 909351
746937 574752
854466 262824
202146 942501
993942 525160
487653 241237
43446 985683
495515 267982
942167 617854
873429 895349
874029 811245
324873 423661
183632 89663
326776 369224
713741 462647
194851 777517
636070 107431
503479 748266
705860 727440
173753 171641
824063 453199
941730 213708
412481 907825
510079 324786
884147 846581
2771 502686
755848 601194
21016 221481
55954 437786
864614 672505
728581 518116
182976 450291
188702 553896
625711 257836
24079 335688
897973 610463
929881 541585
684858 633293
601027 712186
120127 646023
606472 309695
568387 146857
90810 835460
762954 465486
346557 325612
991090 610335
385728 691549
636019 528347
858802 169012
198813 803114
96084 334178
391793 778832
324468 794177
213772 241365
381446 637751
39030 239379
842370 40156
187105 740331
269391 192872
973903 320931
642653 182952
798559 115282
276946 747015
437446 626536
773399 754547
906775 108880
305834 803016
840834 377622
973256 685973
724043 958686
522530 232991
806875 148874
446860 196496
258751 700666
983596 730248
451847 130290
649662 151040
466968 938917
802241 811167
609364 918147
935159 938762
29441 945065
321439 129258
170480 677538
29574 110437
437352 8470
847138 202693
34954 890632
628170 259120
616501 632918
6540 119516
287253 479022
195318 91511
657584 961590
711620 673291
33145 278673
450313 321538
738639 665311
972114 468177
503010 842241
266644 780157
228483 647235
571153 746315
342242 814971
454353 400763
983272 422823
528836 46227
599414 806901
15701 805831
432546 339333
482670 761961
349713 888117
70823 401450
273454 266912
841408 639372
734774 970957
323612 762034
569307 312146
819845 394155
522616 580836
93125 610557
733415 213157
833706 66409
129510 239830
251600 141415
493399 66146
267919 401467
743023 487801
795501 663336
493467 542276
119635 25477
197256 428899
349640 474107
732172 915217
896533 423032
104043 648142
903378 432056
249072 516231
405336 422444
293369 352017
636839 187910
529677 188008
673159 64071
769226 611630
155584 704574
422723 251199
87961 596803
591418 213283
775822 595025
272664 979244
249771 849421
5398 492262
586304 989079
366709 337471
198160 863492
113383 105498
410239 891771
520716 623602
307401 624011
878361 226546
455551 829918
239480 422759
583960 324973
517024 288333
812393 292328
664425 931860
239909 762233
170098 515192
95709 829836
142157 754053
400940 181837
132662 260930
371535 176853
620858 52030
871382 940765
94095 37456
39389 8200
842683 682889
279576 46037
457177 166812
941684 959828
817087 104755
675976 449235
762803 325327
845771 548144
733707 326713
909356 140140
850699 671516
129142 844704
405542 624255
932044 250181
449101 833521
362259 866638
655693 60492
175578 353523
595404 906293
633300 994375
21020 391990
69575 607407
510784 887398
961658 27160
451449 749343
539426 735013
325755 284020
780034 340588
420224 849049
208123 173265
332075 768587
297058 157948
815667 129871
521892 662487
26723 345510
633594 449366
389792 133791
728850 876637
510439 285257
257393 508520
186093 593623
274369 530807
322055 533096
967858 769294
591481 805167
570004 4432
668155 682847
431035 473329
590800 278232
526516 537519
409919 162479
732016 562327
329504 713539
537738 649690
25873 880322
965143 65583
790080 797792
555314 824078
746103 78112
318673 86221
287747 594790
804525 162229
721691 793291
522610 435412
731158 927171
62557 464945
174916 810325
184402 642435
706786 726563
98453 167090
926879 42930
493775 936684
817623 729109
501265 384831
246654 994496
262179 458492
920548 217136
814114 768736
577541 20591
140084 719654
502432 756572
669391 248047
702212 587248
94024 620659
647280 748433
440356 675227
909014 573939
194565 777784
156417 373095
140973 924872
340167 12882
348387 107036
376473 907420
519342 489498
300779 509816
312441 328854
194033 682054
854343 576751
591092 337833
956043 835965
905517 275914
768546 353233
14274 577964
978416 204518
230649 751130
701249 830304
96771 575307
298658 279354
874446 470568
641594 329622
687883 394435
853532 923442
308339 129135
413131 954344
805289 29145
542322 540075
110280 130673
628471 747444
916577 3092
615433 105102
38623 442212
660701 413436
853453 974775
939472 739303
908833 566897
9744 923497
775815 215392
100338 18585
703599 349496
500777 270736
761914 122427
964641 56907
519584 1321
51229 991563
452639 894242
664858 834457
78382 308596
582536 892106
32844 240271
11814 540571
79349 975804
534950 98173
894165 203586
591999 967476
435216 345990
138159 724229
950706 813
214507 923327
468332 284096
301453 330354
111980 248544
449331 533988
414547 116636
176404 261784
48668 930296
857355 481915
300733 469408
649901 370220
876418 189987
524880 16133
776874 307310
405419 142173
892199 818505
76344 838402
796754 416368
283937 270634
621355 985654
619143 388171
196728 512221
69172 179647
23129 511921
67583 324601
215012 55016
863037 776186
230052 219545
793069 421095
560736 105119
802449 403684
617671 320259
137415 105875
727863 739379
401701 295059
754872 276508
248113 279966
415004 416885
652967 84709
505664 580379
302457 399527
964654 224452
431538 483290
722545 325528
346395 149173
853722 358741
468840 943706
150640 687643
666755 882985
320295 837080
20487 271587
508374 215792
763825 717837
377896 590999
153811 853351
646495 438282
81728 280314
324956 726144
212406 431109
391841 419683
896849 688114
496440 819883
652429 107790
27711 838818
206815 81689
704152 957111
723031 933366
424404 219634
161482 248530
443153 525679
638092 909558
827031 268889
364254 100259
331372 44550
789760 223693
281590 197908
295652 790842
677204 129395
657394 191152
492070 300796
535149 224027
57667 225590
474454 239284
62737 11737
735397 644818
373669 904132
215676 471359
789185 930874
307595 381838
426130 608680
519469 281631
79247 264670
851884 487820
252686 12211
510865 342407
926229 852445
775585 125422
120549 995713
941086 163305
193200 312618
213372 711005
373196 8073
592709 886418
990122 186968
154034 783643
892353 627184
616403 45547
283620 330469
95702 177250
501837 944690
224740 459640
519521 274890
388716 475239
506108 335086
152562 954542
515550 368084
650319 784287
231915 998344
628325 608209
484140 352289
518728 888127
568154 809506
947420 247973
825211 752574
970712 665808
722265 810640
198041 608471
155921 132722
881240 573653
853836 116195
628095 336962
365771 29114
114306 913151
825369 436110
128284 86918
851423 219890
814386 849818
770697 479573
685610 17343
844723 1820
663982 731502
714977 536202
172808 691129
211669 208225
434874 500700
78112 58615
735414 498355
847805 899786
116933 973047
407230 483485
802418 641125
962575 118987
684938 685783
186489 416467
25110 165266
880428 440283
271782 408200
909742 56957
170673 119904
195055 959833
414172 374495
920259 416050
28502 593163
810281 331570
433432 41801
184798 314053
437108 652704
800781 953677
168918 122366
182110 272041
798883 471535
805150 294102
755809 186319
987092 380775
122303 56529
64185 972654
856860 217961
338971 767318
42739 540261
526470 712997
678639 425496
61728 83555
30504 13058
262611 94105
503248 861236
55125 580877
56312 109417
989278 42784
346073 540834
670599 144728
164155 700873
573053 445002
265508 231284
409297 547140
836085 566873
253262 571264
160827 330808
774053 58606
845404 332024
863957 227669
617044 255603
187771 663867
715543 740587
265974 711733
191791 86809
930547 982216
545401 889908
757737 496308
267829 711216
616690 128471
466630 356067
331704 28088
837401 782079
472078 243932
304715 233805
270841 104775
795203 123989
313046 37561
748253 391136
538752 396086
152370 559669
541949 442527
957044 741789
242607 158451
422007 865309
144249 213871
765732 963968
866078 27677
959673 482244
903607 58057
29723 24043
901496 216973
932220 858094
115882 366093
634880 642858
548404 398432
866821 176631
119904 792154
576564 415589
168368 973003
289682 277488
817353 61472
145938 19488
292825 289323
720643 347321
650392 718112
315905 425070
923652 29898
788036 770597
819052 118222
37385 976202
359302 292882
862198 10448
363703 53058
304420 232471
198935 82724
830003 774295
77152 842993
380315 783702
992586 406845
8163 100877
436368 209211
726468 195869
40635 524463
968773 845889
495807 113542
635302 235014
377691 801406
331818 145334
757742 439474
718293 923983
153732 346952
858317 499271
664046 353671
354162 57291
144914 90919
222094 860021
198380 417625
414016 301567
6574 391779
59552 965207
971531 884405
561813 583169
765900 90671
559717 641501
935771 842689
381461 128653
117118 87910
940076 433647
495225 984557
103983 304200
18902 439136
615932 905357
549726 589589
890606 345406
241751 988193
36620 357435
462593 143669
264042 956532
503469 870212
344199 561912
866917 28450
447016 49746
331972 547694
952820 110824
379069 15615
131706 357257
142592 385771
679797 974931
563938 3571
262615 686448
288526 355451
376342 470524
950599 320505
454069 500812
318295 53600
798955 13224
223923 758256
439900 794532
272563 653492
191102 964640
620364 95666
424365 610685
56284 820063
303357 109309
477826 228619
278792 534175
952249 545596
105274 114763
431166 268168
196647 6101
658917 603863
229625 192448
125665 340398
134888 748056
390938 887980
73647 17290
767608 360635
938076 113124
721695 589124
948377 52075
11291 200110
657825 496431
931992 816346
488406 444319
615699 47401
746232 684420
268832 827814
260909 61955
528915 837112
314548 499884
13370 99468
929775 252324
391668 995733
502676 633705
909354 433084
942604 679716
335673 281754
63983 862971
505694 175709
28034 528647
25706 843404
811378 900647
409844 842162
74839 144877
802082 24523
96302 81614
163927 385080
554644 772804
822084 476644
239160 294880
608837 461864
41811 893111
313305 377393
512035 552963
161209 37835
312195 569960
338308 824149
184285 646629
762148 774960
592192 160306
85003 781004
713934 940617
82646 240352
580402 365864
916627 450325
761563 387068
876180 845082
912076 669194
863575 223236
814191 286447
294624 526097
272959 548600
40711 831189
657763 496787
734741 904398
654685 938027
582412 787042
539891 124693
13782 926225
428645 250102
132531 688376
526497 965494
528632 13683
742645 740142
537751 433555
84102 321932
623694 833400
990978 179649
65955 575960
799858 796194
556258 912819
545202 986368
743643 842539
204122 335651
565246 684196
729139 945218
488438 600810
413386 26197
622989 769923
416782 205151
375963 344148
626614 661028
188254 337162
995708 840994
83701 913888
925635 208433
625489 304460
934608 428960
189253 243743
697371 801254
632648 1915
431723 576232
37564 777399
34921 938773
671874 558870
347051 871888
37888 26335
899258 84452
15707 412569
975847 472152
78351 670734
624165 899943
540604 596802
774946 317890
112082 55885
913152 303366
800545 379552
168913 795036
635533 946496
935184 704683
53217 503498
573399 369493
688470 240263
132269 666479
717018 725247
883642 741534
853503 212347
858987 670566
170488 106768
481651 211582
791489 631770
805458 647553
766412 198789
278998 979892
304362 279005
345588 119686
51090 941709
85798 124612
717489 449647
434307 404543
447848 870547
135597 772594
701215 972620
904419 73446
295285 974452
886366 514779
354500 315991
179446 674548
325353 304192
13727 618132
826519 3027
151839 141143
130205 202247
195857 631871
542987 106801
513308 927894
630969 709739
679542 535888
462674 199704
856180 795014
4769 829767
480684 132367
441239 27980
362413 779391
838206 140712
867161 146694
74815 676141
60522 905705
32546 377378
195139 893422
147917 340318
23889 418266
497634 722200
685507 105617
432899 845164
1962 801672
2084 473076
658726 652156
425631 741473
781724 612727
543452 795080
579953 898229
228494 950193
697742 47903
230477 495179
62410 236565
503016 979526
13742 401150
327889 859816
882195 114753
583657 157752
417547 965711
407827 369761
967492 860842
566519 643164
398607 227453
924163 902300
262665 898366
