100
22 36
88 88
10 63
3 17
98 48
12 68
13 36
47 48
10 93
4 45
84 96
74 29
44 64
29 27
83 37
28 71
16 34
15 54
11 66
42 92
47 51
66 59
7 97
67 66
78 74
29 98
9 65
57 40
98 6
93 28
37 33
30 49
37 67
27 19
83 2
27 51
17 100
64 59
46 22
67 85
84 68
70 57
95 91
57 14
26 42
44 91
68 18
1 15
12 73
36 62
32 61
69 45
95 76
62 39
57 87
90 6
2 33
68 57
42 48
32 1
74 2
7 22
62 15
53 11
14 78
79 68
32 89
97 28
93 84
39 48
53 48
12 69
66 32
72 85
13 76
97 44
98 88
25 63
59 56
78 15
60 90
10 98
21 64
25 76
80 82
58 40
3 37
99 96
53 92
62 23
8 34
61 46
58 4
47 53
70 10
80 81
58 9
20 95
14 65
19 40
