1669
59384 575534
575433 978797
449862 995671
797527 175804
50292 234348
506532 601626
900368 719470
18097 82877
820735 950337
500768 511204
793282 781491
224414 124289
279679 783540
577623 98846
706411 769634
100705 30289
958280 977641
538878 191426
696324 964093
705711 731066
290249 828841
818423 152888
266068 851324
7282 148715
441322 45235
103989 506966
588152 739508
910132 962543
257822 39203
865946 362888
448370 496915
231255 377681
568420 485439
411616 46792
554646 614439
417540 908734
910396 999208
320327 394161
35161 331452
262892 489597
983203 696679
518433 762297
276248 293023
577591 600934
722025 102185
307875 938244
42925 339757
915267 793909
756936 580690
827314 776422
81054 356256
118616 380596
701257 808609
256976 279233
201006 66757
1595 643645
875200 178718
112072 223718
532093 245117
960767 204374
923456 246773
660537 958146
424854 35582
251523 457331
502510 559938
565846 107043
98124 649373
774748 550338
144622 78803
35220 150716
904983 813975
884325 481308
552440 356315
108166 943143
588158 239098
923160 404644
807564 9376
929292 807419
430181 341406
416692 888616
313696 435713
6204 228133
452654 261171
4788 970131
586278 72423
603323 275426
874283 683490
638610 902979
774501 498389
625418 712524
169313 646330
578610 929443
353042 191572
164806 831037
254241 136204
371287 97660
990652 420986
24549 426528
374063 658200
217553 385166
428199 965726
506313 367047
344290 460910
965517 651228
748723 869088
415954 843679
17061 704272
825739 590970
548473 933847
355380 354555
956545 463051
3710 404122
545629 587337
505114 113541
42764 217505
847740 22967
791228 122662
49286 496745
686691 642272
622969 926119
428810 95124
879522 178636
771931 196700
530233 500693
63370 816169
717560 823341
422408 238023
353905 598193
751033 898193
657319 559775
332430 683192
101771 953564
667215 33094
557988 162451
268110 392312
54678 277419
718187 811903
219861 917152
278326 185448
101285 509799
456223 675756
908249 920548
305189 286726
693724 377161
657486 818740
366118 751901
516739 272519
833982 434827
982574 930878
259717 426572
773260 55982
965735 642234
442668 181042
349088 915145
649657 770997
90970 37912
745304 584645
470053 190851
395634 989033
980160 83997
627161 783275
107779 553451
4655 624498
74 770467
16253 369941
486411 325297
816365 307173
102072 575405
483501 854800
201267 22332
724073 401845
631905 837740
779111 477100
645139 221240
483459 315671
550994 819996
915408 822711
750537 404423
704644 306023
414439 954401
316731 452731
59024 879208
413769 805422
24770 694729
904051 981142
108904 397989
947309 568560
890112 751382
238739 793598
892708 354822
143977 291597
919738 134429
109570 123496
271307 503450
567693 950956
230401 716796
461051 908539
264650 760050
758194 992887
41180 31575
314574 944950
890765 763937
577285 842679
534909 75567
330268 164533
232773 200638
200190 963913
57910 575139
710059 446737
146584 27947
524802 683271
646321 662184
753241 490111
968212 170935
332249 695408
406273 483627
711871 549238
19233 310926
727772 794507
802976 923935
271186 461640
726244 192174
547907 343815
867115 688463
776750 804211
951411 932444
929619 114768
519985 945637
19692 546964
568163 549349
962024 348574
286717 777378
516834 435267
974724 354678
414457 456372
708883 156844
98250 159730
66597 405789
423588 208684
150935 993002
484966 51171
329652 403148
738593 853701
459876 500022
725894 353214
165484 929849
622895 784731
400449 513185
162358 891581
770873 963741
84212 621810
273349 370053
15564 772605
748023 620054
213836 413802
998199 542783
44444 596820
490967 791615
67856 683783
187613 17030
740348 663062
526585 949370
124797 698844
367918 306383
435532 842402
193237 143079
36692 743532
637969 610564
898088 37765
366325 763934
865212 791421
834587 7920
941743 830949
540223 472191
204145 843659
944203 569835
642804 584640
628314 783764
43929 558524
941668 27982
935161 246403
488434 342772
134268 868729
918547 741232
185817 771242
226197 581019
542187 129532
265633 13866
23237 243248
15739 771289
921916 982447
255265 523109
739938 532721
979287 930429
69183 280114
216871 238012
474185 154130
151487 791538
572318 577707
357984 666006
816826 662515
295892 802734
721199 155474
887866 293799
217276 412128
296128 945419
248277 741024
881095 800761
56878 497357
25232 531860
248426 962497
724334 257489
704402 218129
381640 499006
65122 552646
938413 479708
197260 467120
481554 168977
134174 860363
683727 326903
853246 345138
512350 272636
30015 247839
853607 604078
607546 848063
715144 481376
766592 117492
502106 260912
399223 301309
502454 60893
939161 444122
856568 389288
273733 595986
985379 156099
660339 62907
373055 343454
757365 574032
99733 584593
13317 465732
303292 613703
582320 539814
44572 251201
114925 147298
43976 574092
828481 129632
176104 187
814593 867581
388405 152284
395234 977518
498180 452729
185898 895912
491785 929679
334474 659268
633987 159394
728474 562066
227018 546090
447323 609864
326636 405162
73827 778242
913393 281136
488443 143254
371935 115523
271551 962411
262232 44510
180812 662175
426692 900438
992667 523365
417030 371218
278051 254649
292178 125812
397026 166290
10586 916486
493946 971360
927977 718982
180661 162252
805703 255840
804823 803145
948297 477353
548850 684800
671690 609173
415126 538945
132306 80285
821304 775139
9285 852634
53663 587489
672628 422277
806125 92265
605044 58568
970376 809567
600185 767778
946808 338282
396185 511252
653000 298614
968205 611792
966576 792719
849029 388007
638391 575062
172697 848860
92449 710484
42490 681336
487149 794306
258060 196375
482585 491202
983434 196647
512409 265303
203396 797712
140910 398848
325924 703651
906232 206064
308528 755868
861591 643420
52408 406463
486607 2759
538369 638220
648183 754091
961607 67632
805128 814950
944475 505558
778277 931077
845365 27401
291667 762581
238567 950487
566312 37535
493407 457836
435142 787629
30427 759491
657863 925994
298751 961842
798690 363224
480061 664965
19463 143529
300575 43271
429726 222374
196001 925848
460804 392080
353424 471316
575753 749537
978857 29854
801816 951103
870100 986594
562067 371295
810839 697275
416934 780789
82916 402909
534433 590787
779154 512018
350272 633644
259374 625379
590280 978460
342227 642280
745667 733226
622789 812075
987435 867434
53530 4930
33408 913433
749101 467948
14252 984031
441375 716033
944405 497480
131576 425818
493579 40018
265304 450210
172879 17041
120278 973017
475325 330601
722501 225383
657044 512489
483753 413759
599582 61499
981067 460597
457389 963908
821904 220825
295308 865677
68597 308658
75611 751347
401428 311487
353075 14901
680371 743706
305047 788165
621170 85077
379667 405042
851809 668578
184205 508773
750344 784120
400880 232317
321422 539886
958533 459087
614368 586557
458723 891302
103579 33772
237190 519132
937687 471665
129763 380450
433194 115138
102020 711275
404774 832944
705307 585445
39211 486945
146005 952110
413135 426482
971764 230306
443099 758184
798954 451590
20951 698558
584663 237209
235971 982409
792499 553316
186212 233218
313591 430236
179796 440778
122086 771092
956871 775427
913285 251627
392759 370974
281068 313421
232210 757494
569287 980410
344857 542341
862560 771406
110523 201097
699216 215183
185117 130935
359810 471303
100234 240696
571551 666817
545946 576596
694088 517122
807906 553542
304965 757962
84439 328745
919172 360635
955047 658605
188733 555386
221491 573247
714300 480296
671528 748974
691509 126728
277990 797293
123547 353493
944033 802216
708075 826478
489459 998026
769790 394725
276795 796952
430116 199530
798147 312122
662857 542018
987890 823754
148379 898111
603783 558992
836548 947515
288907 455400
922299 700045
707983 105373
357640 701441
349993 288301
429997 922094
550519 534709
838228 454762
458970 854115
266976 552741
401389 507874
536999 94289
96451 386448
280860 256768
709051 730003
787850 506770
955962 234964
268750 134833
141987 138307
665 910073
980705 484906
960813 652515
528316 21669
723382 313099
345270 702340
421274 120433
245991 240837
866135 424853
324273 607276
107473 868255
145842 932057
801059 188706
321008 993406
816422 901008
250521 926142
141818 535802
278117 462583
365999 565446
353820 675058
908274 62225
665952 309853
973894 258141
980486 87383
823991 311549
498435 514625
592881 920272
417334 146743
298188 932296
675126 266946
983000 514463
107302 662068
224778 322774
830477 199880
311450 256648
335978 391933
120121 936928
129271 861807
485212 356254
727544 300190
801014 858399
522176 753891
761774 748656
973819 974589
51076 904827
943851 644480
942780 356485
109696 192881
734814 334018
178201 299379
304174 790463
227363 347698
339095 242533
922915 227424
719390 450225
396223 570424
763141 850196
555194 484943
673654 303422
616619 536456
804936 681579
875693 938094
497232 392570
478773 542242
135549 725784
330597 373106
475590 756654
198893 585629
555663 98578
897914 820866
998527 607631
268710 332831
317632 371213
723942 711991
773111 741239
166325 763928
852737 695975
524578 157884
916420 512311
49500 211302
924623 102755
338515 114681
818102 208640
994234 532326
640565 379662
190261 235814
930127 93254
53734 643199
909093 389630
938230 670239
891063 339119
609687 144398
313223 24615
518926 587539
884623 608402
664666 904440
206452 359875
104737 278329
824861 763747
408774 657302
426820 584199
703408 514610
898826 803792
945409 897146
595586 166402
173194 671569
981865 412025
193335 227432
677895 644827
983854 703966
539537 310648
13509 911657
10064 366245
580249 593366
31606 727789
181623 163264
754784 275838
111497 491592
704665 809212
555295 476004
940951 437095
314733 585046
393123 397160
129620 197442
431258 385292
153097 657142
771603 632939
168143 62131
98611 647218
879418 716411
221219 496549
183505 648166
518367 873681
517327 564667
476615 890780
129356 350326
325855 551549
318379 522391
668783 446484
722151 45729
476802 773833
800799 552441
810303 378404
78075 541744
125162 364285
316501 965090
531568 957510
816151 674683
262800 56373
27198 172043
291389 457063
469385 706328
769047 302879
659971 569707
527715 498534
644299 931953
652125 492633
632850 116706
880999 91121
837327 792106
739947 449880
374414 247768
883078 759874
766670 711310
426003 595584
708361 647126
204782 135776
572451 674078
627735 763166
748607 269601
850628 506202
359098 246578
713718 46384
356008 539704
506863 695526
385828 497696
294181 317374
583193 761437
789038 97923
123180 605090
344011 184739
941440 779749
722392 366147
636190 855647
881067 970097
887132 196497
997995 363214
967401 832135
112789 650678
244570 260589
235835 744102
548257 523995
731931 924825
979325 366275
502394 470648
245850 733127
301702 882157
772062 908877
789870 123796
32946 249803
103991 5316
165546 29882
804879 681115
663659 623868
42365 149499
13656 630286
112225 696828
823472 205500
28363 591775
958068 901651
768999 240028
848346 670762
583138 581270
815200 706062
312954 983067
287153 712640
38045 718120
825862 5511
254383 921193
643865 149816
964928 185863
948541 133949
514923 40711
949280 419858
35743 637841
12172 32056
617498 312511
533978 711615
549419 971481
514768 152743
801075 385740
585052 383197
887835 429824
667169 307307
92852 860027
879174 902581
929067 790305
131117 355899
607181 3861
994902 587782
754902 62036
326943 951901
917877 117142
27956 619773
80468 612239
979011 235483
448601 635314
2065 695947
258036 856185
265906 163559
552582 984773
243941 474774
913284 324053
848834 147990
388334 311247
639463 730479
97811 649032
556134 811259
901163 104079
700634 678695
69815 125154
359454 252568
664198 388170
480108 70089
821672 200502
942185 342921
525809 44017
759823 869602
852690 41307
14977 620534
307533 591143
677142 897956
401689 555680
494972 181874
965095 609537
569873 399946
649535 827052
834177 906524
693748 265931
842935 667418
395411 588543
297723 594379
963094 794927
799830 110248
963470 690871
531104 471642
881189 44468
152365 823572
474872 761331
59758 978655
874843 177652
842922 552985
588663 960933
601944 544660
128595 966738
552687 448483
25191 396235
382765 866459
28257 789286
227129 767556
899867 748224
698117 826975
686784 233271
543922 913910
300652 440848
929012 821238
117546 103902
127295 879857
633982 60336
256114 677045
801781 774866
60380 895293
904 930398
127499 233709
328954 273384
614763 646776
83165 721723
68094 72755
650915 721138
231586 367252
487765 974704
233619 644103
83531 814398
721044 69185
350202 332777
444479 531196
168927 471207
769156 42616
420234 494765
552886 615424
577497 290762
959659 465092
683980 435932
534509 523266
760793 98806
626707 326118
601278 1117
346608 847018
625683 235568
661578 840992
511222 832239
163685 641133
472291 604027
955913 322849
438256 485031
365540 849337
11356 550055
354225 786861
995816 128697
899652 611970
830197 738832
801958 756074
887284 651468
773455 722658
501592 613848
912151 506251
365677 615532
141868 279924
982248 692
813881 512906
131597 268174
342343 988750
820463 137832
230572 644735
104835 114213
196451 785556
500538 499451
101855 44930
713371 37182
884765 263347
885022 100003
892712 694611
704949 229277
778039 329973
945431 826797
423055 779409
759451 279674
768693 810291
274296 169935
413087 287142
927021 551778
9248 773263
518990 969168
271552 63826
591066 514993
287576 515874
955466 749702
505908 205390
581680 970703
906495 934782
937664 101375
409858 730437
989089 836054
859537 211638
196853 529311
42455 20142
892640 287379
528082 561858
688649 496578
237973 39070
118350 144180
298590 981817
728948 607205
523156 366328
885523 490957
537141 666321
791454 452482
978683 894173
358559 559571
768195 525917
768920 743795
329961 148374
414645 630747
967055 955551
115899 164489
493866 592089
767211 964511
418893 763709
138437 319420
546951 630237
700529 153583
475827 930840
333073 727481
728380 9913
967006 385384
259601 528320
667634 967759
409022 989122
788469 506246
169820 885797
141507 997437
522063 978154
152048 250622
718879 714836
955569 788661
800256 932250
317504 136433
321473 392753
606262 626676
736854 230412
758985 525951
270478 177338
952216 222772
81918 757130
44252 49457
863471 729449
983556 589032
861124 671116
876027 194901
665183 81542
935493 327263
284780 989765
620126 763869
802069 977584
639623 228858
419670 423550
695347 126513
51054 350388
344703 270863
915653 953862
188400 904193
368599 578081
492362 360935
217663 318918
955065 686301
97677 118127
481102 546541
974775 301866
537171 122745
840831 770262
630832 74896
40875 854138
831032 17769
817454 789016
355890 755738
78247 725317
454335 735521
167436 273678
786319 600472
777193 224431
451808 461754
961576 169230
175276 9778
780886 309634
323877 154278
925396 797254
186131 37478
553767 256311
590586 765833
830909 12918
810982 464879
29347 271217
832989 706371
9060 551576
337150 33324
586108 303253
152303 54499
989089 266290
217279 9359
938016 773854
530200 890505
145451 421883
27654 838176
601228 645609
645545 541823
198617 939079
739633 863331
765070 337082
574991 348709
473327 227157
66075 573444
114953 353010
757407 94698
15677 680084
661764 140918
424553 177790
191725 436533
116559 139134
805264 136358
586718 29081
168547 178066
876821 533724
154426 642576
45511 627717
43863 667804
836991 186938
520082 115862
781582 735741
514481 481705
133149 755240
614770 361107
383067 453881
898638 148975
783397 883819
870183 945320
347460 226144
825681 850406
567847 172196
392022 223359
446794 345515
729612 153943
725574 244033
561399 377195
606172 338438
34268 301361
789036 547185
286465 121119
723624 658545
394492 506689
900916 29601
999809 789770
537946 264959
840017 652092
72601 984669
873833 629377
101108 667214
845155 366480
458213 446547
729828 72351
609094 120647
933456 898197
147401 866292
844328 505799
276338 802356
770129 97897
875452 694394
94123 525224
30662 244377
7914 877619
743938 58464
714054 702418
276650 240491
709234 418364
944626 736986
926027 787452
946558 515153
506343 220529
637038 955127
294651 29790
411627 179907
112250 973096
74125 383382
169679 163674
896811 531606
969206 66208
197983 590998
811380 145974
805463 337841
769248 587123
61890 629902
900676 218784
786189 177930
706872 247618
255064 760280
461854 675955
316551 987759
292571 356343
761927 269732
700856 924840
820023 251464
163182 765271
923879 711572
355343 601634
903150 644421
819690 368976
162073 820900
75278 469170
889448 495617
982445 81582
300558 260247
368 43716
403486 580996
598316 34246
687549 972934
615277 74922
569196 179589
357758 375351
881568 68293
795457 746689
106496 56999
667978 21702
738152 382342
348666 670431
212683 696291
668219 577414
398432 352408
791282 148959
623867 440386
579242 833935
962396 245278
83792 13638
310840 503748
947561 149942
927754 451832
532321 27079
673011 84289
638085 978079
741604 119726
742899 898155
490550 606990
198912 412434
302905 219940
980467 485795
201967 155372
771226 415033
990369 924293
418637 685415
953676 223292
113895 980376
422611 939516
243678 784115
68337 319593
665960 226182
964210 848439
575112 400145
535883 220747
266371 768244
322334 134819
692555 533457
566670 256568
299154 493591
293617 456600
5495 962120
937865 510021
588639 231382
150350 772628
990454 872580
543353 886119
181268 773356
408678 771321
5311 526413
532164 257959
127381 756833
548847 227871
41347 153371
463895 264073
823718 452399
516556 799236
808050 570040
379894 647210
51008 102390
442874 157282
975095 562948
701841 39223
175373 724995
152028 30209
844471 855484
627756 962408
528742 399586
516124 480422
862667 318451
476084 933840
345506 207296
340101 435884
342104 869849
119928 358862
884361 687590
860311 621393
428379 753087
219280 879193
340605 448407
712893 176936
967338 997918
384274 512370
614347 588473
454590 151498
902132 8904
697331 932080
281454 814586
515434 831067
890379 532870
60078 872991
367476 848722
664591 719078
546869 474885
287834 596134
703190 84179
526585 977472
211455 264620
472429 260047
503528 955988
821016 143062
349898 709701
154841 412482
894870 385727
720266 279172
444626 644129
21359 897058
595858 406947
669409 956572
708771 545780
454166 454233
921720 9684
153514 381523
431843 423702
617060 191203
387568 464291
998023 65119
791762 68881
263768 595198
581889 828735
746834 297326
769872 550800
982991 205012
561121 12878
718627 392431
466022 654931
811519 356904
114589 789539
26322 819758
713247 375378
799866 469589
109684 396885
938257 985360
974788 419157
171173 400492
230595 221320
24578 363482
234550 958060
558284 772057
529175 196892
159470 260253
589712 385760
478576 401084
787916 948444
861823 921127
612181 908587
558052 91729
267989 95457
842974 607625
462098 541010
485951 518338
634561 120388
285175 936518
964201 635868
480742 82397
427462 679836
728559 448386
228647 587968
924559 412897
312690 361372
140440 479831
176333 211518
230916 742010
677509 242532
77993 815611
781193 646491
287545 794988
897434 145083
362693 669695
281437 962280
294317 722890
798080 796118
615059 117820
656839 591171
512081 243904
850776 409296
943063 980649
322830 60996
650201 820423
306427 878595
617036 68254
435842 396188
889201 96712
105095 86956
980980 390231
851199 950661
193624 125708
985109 773711
45851 489822
29271 76787
688684 813224
118237 566444
590927 515596
558411 55408
501774 573994
439746 654199
240293 250298
252854 987362
621141 252474
776334 922207
580238 726852
883426 656939
102447 181477
303549 71752
937124 672273
197520 757471
989526 431894
671428 757596
816726 112392
330441 893773
160260 370196
701978 930111
244158 356806
281120 61346
17549 724331
956124 164320
128021 368491
542807 979706
615598 112015
614737 883826
24273 266789
100252 317898
486273 616941
696220 247616
458021 42151
187361 505474
100805 229734
901563 314725
319834 970411
221825 390855
586724 733110
697729 848649
943828 629116
140384 863477
310931 215960
629462 753261
193991 106807
522825 397269
566507 578211
644398 188082
226492 737061
835647 576657
370375 853450
464491 887219
318403 471966
72474 451926
967047 289154
148039 188782
316542 73574
363845 57471
176500 970079
38558 963976
131688 771633
369524 61
947704 901924
397014 339844
275007 287504
481043 456865
435354 127088
319808 954595
286330 240624
757825 957899
960523 968689
298246 487800
996072 921060
801274 920389
720320 315388
295950 266284
209861 999854
886684 357868
684499 733763
277943 286148
185349 232384
560451 672890
610490 201711
701786 643997
595153 380035
473386 556898
320748 552288
330459 26390
911451 673191
732816 992244
947822 236791
355928 256814
472414 458413
849690 717853
381654 757438
531495 482628
297971 866703
998355 341984
585110 75204
732143 225809
620842 959000
682327 195790
607742 966652
317261 859725
98760 622566
609162 887422
540048 697994
957489 887600
310630 929476
434956 279530
459865 559047
140958 243624
471458 252700
845078 116868
704733 983060
305268 501768
277936 175455
774880 457150
318029 286454
414439 142979
638363 406494
202797 895513
910726 852873
771078 601803
621883 656159
740245 751298
102317 564628
133076 53870
361114 16591
716555 377977
348192 463345
339652 734362
573610 996541
30193 430146
185313 34990
484834 253917
58809 910410
685468 943104
982927 667646
468170 462762
230774 80999
608172 463695
490420 876285
83291 60779
333508 918721
112752 487839
151231 200951
815226 773660
996101 957032
361802 308867
841816 937591
115562 956130
470322 945190
144059 84208
979271 715623
571498 821993
380583 847985
617657 883780
456704 32357
868709 216380
966956 412182
62689 631719
596185 915648
990540 103054
259378 194059
286487 773889
520678 192847
137979 669685
602561 91271
500829 780370
290841 700929
228908 956942
392319 786955
32776 4748
273350 729386
207513 697591
294267 976762
263079 176419
470018 681331
481307 456473
378268 987371
876682 752919
887701 315023
644416 919730
375589 516364
683602 234846
42907 392967
118021 32738
284886 308820
735894 878601
225002 833946
559249 218414
686381 14781
252718 35108
80449 976403
687352 321654
866789 932666
958091 283558
756288 927490
375550 191313
916341 145436
826806 887364
463045 850953
198991 849383
888266 603650
176282 227707
426594 324999
397919 412053
389549 601714
824267 830149
820322 589099
254289 103194
845374 461853
420911 110804
264126 546329
237524 927959
106683 627342
559174 590858
413781 717
767466 39048
859003 640908
203621 876649
227741 699536
575635 418788
283514 716058
121134 377431
767540 160988
85795 356440
873320 431254
489685 373449
616183 32720
983275 386539
973642 466863
736313 633826
209603 52498
907899 221782
400470 648497
722168 763862
331269 469994
144241 779823
310196 10165
793568 154390
166742 45678
826862 731634
118917 795546
166543 618074
815618 368373
359107 567241
665872 221330
564598 291345
321698 453199
959696 242014
155978 118933
644224 266681
97675 876262
68852 242638
37130 75851
964925 251212
126368 142857
916051 641006
770545 274041
784059 852610
555938 501463
393630 159497
840641 762525
900411 136770
818078 491381
229568 849320
843591 384354
220104 118042
710506 940639
139746 936845
396611 151386
532337 968286
323216 959420
847308 845087
315466 658126
866861 323366
377269 987384
620500 839807
113809 766498
116464 369099
926266 956390
194195 336641
737601 296258
828147 876840
