101
66 792
747 923
977 720
234 47
265 209
686 676
285 597
195 494
416 521
932 243
572 881
937 268
783 305
456 352
668 337
407 108
234 113
89 216
723 878
432 247
747 4
536 845
368 746
664 728
405 377
679 488
603 859
775 946
773 976
722 295
727 527
727 103
803 301
694 378
26 480
612 404
343 606
206 779
878 569
655 770
896 967
232 245
98 525
928 409
374 358
837 550
609 179
976 157
715 803
901 992
975 427
586 971
601 898
706 810
158 160
687 882
365 445
301 843
8 640
201 682
774 167
979 319
416 931
457 289
674 251
65 64
349 933
483 454
555 812
580 613
426 2
539 217
25 40
396 160
329 508
728 116
538 955
597 710
855 638
145 1
3 392
94 248
936 118
515 278
33 372
86 875
169 426
225 484
323 184
171 82
611 933
79 819
576 859
248 76
852 118
82 213
609 967
438 140
669 622
644 459
37 425
