156
823 298
576 864
271 257
429 650
302 488
725 878
975 375
458 98
190 402
960 233
904 579
957 160
241 767
700 581
800 491
990 369
273 893
371 134
369 411
408 776
233 927
45 716
863 570
619 245
861 380
905 427
14 975
399 950
816 86
100 610
356 444
707 739
519 883
133 326
233 238
410 311
459 504
757 28
327 87
328 717
961 789
512 121
778 682
254 772
222 581
907 412
163 832
615 840
90 678
263 459
784 802
400 94
17 532
393 148
457 525
821 158
797 309
663 381
691 474
479 754
431 557
870 93
629 634
639 808
850 743
284 434
973 344
16 514
57 661
334 400
307 489
640 270
588 10
726 14
66 313
289 71
684 443
348 863
149 781
544 93
666 927
252 33
12 534
696 853
558 830
682 650
459 801
455 56
246 433
883 83
54 953
779 848
132 592
591 954
518 854
511 160
63 937
69 545
421 753
98 407
909 993
278 540
247 634
771 305
789 87
578 415
374 70
946 99
775 360
555 428
959 120
728 97
82 302
34 523
498 5
198 780
673 811
116 982
80 251
56 477
952 622
34 307
858 558
132 377
697 207
991 46
186 846
491 641
930 681
960 175
13 492
259 728
646 476
137 429
36 784
380 827
425 448
147 883
288 823
161 10
77 470
637 732
537 144
160 95
425 498
460 926
188 130
225 981
457 911
129 326
182 510
260 179
982 986
242 684
402 537
357 392
