137
1000 985
608 310
722 938
589 834
531 559
662 336
242 138
765 114
592 822
657 899
352 449
90 503
334 30
520 384
283 857
814 267
681 201
175 317
590 937
25 426
510 649
170 985
398 38
694 807
849 53
503 380
711 300
660 403
638 673
134 355
64 926
116 100
363 598
908 581
624 888
457 593
791 920
696 540
148 765
887 881
746 941
148 766
379 6
697 911
77 362
685 190
284 634
411 540
872 622
908 185
210 691
697 441
582 383
344 653
400 781
890 957
98 91
648 455
981 545
406 154
338 432
342 640
301 907
60 518
433 261
443 992
980 971
381 212
228 827
343 907
239 891
544 149
949 389
542 121
998 4
478 404
98 543
515 433
161 581
814 686
969 43
924 681
899 188
134 405
328 294
8 461
175 664
953 563
248 879
936 597
31 636
774 180
40 435
923 362
17 668
336 83
677 549
62 475
830 288
672 725
498 620
578 290
529 524
863 9
673 716
959 434
522 872
97 658
108 584
977 565
887 598
920 117
305 321
373 25
447 239
740 435
37 107
471 650
619 329
923 543
601 973
63 22
390 247
699 273
441 626
118 326
242 97
368 929
161 146
623 9
963 915
880 273
91 462
3 228
280 969
984 892
971 593
