84
180 543
210 223
435 488
664 907
59 57
360 945
614 680
945 570
794 464
217 457
172 340
491 971
976 17
698 374
873 312
186 680
587 808
731 965
622 51
399 213
705 597
629 1
723 51
375 647
312 555
697 977
224 875
255 86
21 230
264 138
799 886
991 470
25 855
578 700
216 789
867 366
214 958
897 715
832 520
425 731
68 744
570 140
378 618
32 784
935 268
536 865
312 882
519 472
384 646
70 983
454 678
864 748
731 881
454 421
26 712
55 339
238 993
730 750
321 905
254 314
953 457
228 681
740 453
274 426
537 608
522 490
688 484
948 230
464 215
278 187
759 882
929 609
856 231
187 219
346 945
165 501
589 325
408 34
680 479
590 751
208 154
19 171
200 180
12 765
