1577
433044 551733
600839 113598
669242 221517
681173 36727
741478 737007
256356 458570
969934 277095
304668 156406
570126 762416
3042 517643
532685 130137
840261 453892
534733 218289
149797 395698
516744 155135
700116 419991
137945 165734
917264 887855
976625 978687
287839 98116
308845 858169
343145 308017
115485 387081
105225 637231
692041 820306
10932 354461
763858 546860
694802 644905
185990 789833
355746 539529
757896 760155
800663 264643
493862 350414
68294 728371
518136 21876
813644 566925
628321 566989
734189 642336
805490 667575
302310 840462
10524 417084
869415 734991
377370 574457
573999 264712
674047 483006
352198 473928
562331 465425
925501 335968
932565 654138
740817 440191
324156 910723
740141 753618
417118 295841
297246 928155
840325 402238
178482 670567
693672 236545
259836 227792
275300 63428
149163 565692
163320 93067
995123 962996
28044 23182
215791 446050
813987 878457
174510 482598
435823 480906
4508 16755
533842 848605
565450 430262
191376 771012
523048 364172
16490 633380
761358 734834
100655 963736
571904 943350
951393 981642
670785 939770
980929 33833
197709 226264
980416 271640
441899 494675
777775 488560
663228 650687
823326 967374
784578 99550
115229 970967
174053 410002
492889 14895
384867 375998
978847 918408
896839 23428
485027 334873
844789 291416
72289 323703
293624 974257
695340 356959
260658 65891
237747 505053
708722 589402
412765 973569
758934 65140
359678 156726
575611 117650
899945 444361
58323 551268
329877 412665
556543 265471
620907 510653
810672 364789
725300 189284
658077 626023
400649 518509
546693 851576
865286 788492
299568 88090
831539 874993
120796 407058
490087 645202
719364 283638
966294 844394
672468 457997
144145 245939
705620 923446
575749 834029
879424 544927
223151 109970
684081 285972
619378 408914
367991 163286
536446 467445
981062 657120
965694 769385
644200 145916
335847 340852
136575 990818
432322 941640
839562 7440
490367 417341
372947 36508
248984 202258
236668 312936
835229 93022
478691 93618
948017 855174
464606 505491
461220 96178
991502 224739
536794 825863
195017 186271
629544 460830
520423 452743
852600 125972
14613 713325
203602 754769
184195 117661
167299 784208
343866 796914
250169 675649
822216 73211
439716 143097
331986 923961
571890 814215
75685 242200
344405 537619
887641 800052
540310 888343
794282 703505
380376 469513
632559 583856
46739 682154
718687 625772
243478 34433
642908 112156
798071 720297
532784 362147
829788 741702
123300 782958
127665 510035
259833 817720
19751 488290
885370 880332
714570 943130
267532 685115
121762 898569
10114 984631
167614 684173
460888 192965
411953 10601
486328 329099
454502 827032
899094 380080
437155 631725
913740 510281
817853 150659
910949 309002
159678 939108
732964 363948
473330 629538
97255 727326
585245 320788
111650 682147
950839 311436
906785 996382
239378 398499
948277 925381
87064 433709
538982 791973
228256 594998
526372 809347
550387 129444
785530 534322
409162 730624
696212 698941
937611 211253
255016 327837
432370 113655
265095 319680
795391 499877
534739 203957
254338 285901
119035 732230
866113 303223
485004 500629
275071 179089
874762 642514
199218 700560
137614 160978
202931 553286
286383 456373
192560 999795
181856 908773
858257 407162
436871 804881
950582 642049
444069 749592
677296 405705
728290 307219
69873 895473
29460 994846
726287 297223
389770 807447
197322 551535
915011 829139
260638 652110
696748 491717
493358 291057
936242 685161
302807 502887
244566 308070
166964 345026
813397 182944
773571 759401
918860 437447
385251 310549
994263 925340
79488 729859
14287 542538
732131 976485
898709 289063
784603 608033
510214 668237
5701 541143
506127 550565
738089 837555
251072 674572
161840 272360
223977 493585
18278 982407
503803 304572
784256 378795
983577 422457
820168 998014
250123 252144
754215 230767
397003 911003
595900 977011
261274 771987
590598 852356
584577 251859
782248 157507
262730 430410
467716 497745
212125 594090
759611 894275
253760 802028
875952 436723
773696 482366
191731 615884
497357 130230
739688 439492
7572 144942
549972 381832
76458 251343
556433 934489
830185 329012
287938 527628
193955 637676
915952 515171
979621 820355
715435 881311
708625 682565
846880 670163
602390 746387
3341 348914
639800 405511
577751 26018
990706 248635
530202 292646
335133 339009
753360 765553
122517 157733
702989 863171
708873 860632
516893 980404
801806 304804
195906 887433
200384 940724
879531 347144
174536 166677
665797 20559
885511 13158
939558 812427
329263 250394
183157 97605
980690 400361
641507 188645
611684 793798
498481 607143
713649 188654
849936 924297
527229 766116
91532 927802
962782 105869
413629 506350
227897 677184
8684 433070
450958 774539
193691 795071
782023 811831
206813 171466
14510 569496
639741 30803
633471 752102
775106 503911
33090 588407
822105 757185
156347 345233
896172 974390
147233 454269
429218 159488
661777 245464
438844 210221
313652 962224
463581 270531
970053 102184
596509 774950
832233 517604
762553 178275
846102 179284
333050 659114
253102 619333
367603 75424
420120 729195
231976 894127
714577 976771
435128 325131
671267 823129
186042 908692
246723 88498
229967 928743
595421 43429
793612 959270
63920 213597
703874 306163
21869 63662
113476 284484
846377 554400
196729 580413
671060 63985
470704 361691
87402 279840
779156 118972
604433 773700
141712 864218
760620 872240
482218 953086
465224 34676
212207 598300
701969 31456
838812 25781
622373 299906
251006 894031
304464 496901
810964 258442
734705 618464
504591 270988
182295 803381
194649 762536
247832 23669
366085 395875
105728 730162
833605 269165
886764 774872
444797 708900
142856 467407
366349 960498
507685 632162
619824 298531
653920 980988
923604 470069
822418 551520
156609 340479
299477 415272
114693 429754
102475 40950
533835 453639
474746 860630
641371 161994
645577 765597
612222 660948
292954 82914
873699 280481
685371 177893
992514 706309
518093 959221
207588 223998
826074 207185
874733 367729
905295 440210
803731 441797
128463 792854
915652 958490
929573 695287
122259 626229
768861 403074
650442 775971
771027 835860
580609 225266
730129 317835
183379 966794
680480 315796
369748 467147
879335 188065
667089 322777
443202 387750
696912 304109
555987 750430
252366 841431
801960 374445
691929 425149
454595 482244
361428 65710
441323 382921
427535 383982
141200 37981
828421 345446
473473 347962
454379 26966
585703 1462
738825 510375
828765 671561
670142 73988
803323 697365
486667 577473
42805 27134
378800 549706
844260 952417
939864 843359
180495 182270
937935 160225
263840 466092
899565 258457
99221 10170
846329 422300
204363 748683
722852 654013
958039 420339
150807 479963
110665 597093
245571 311170
645013 489133
686723 909641
125320 779581
883331 35284
243281 186834
890418 711941
663561 626494
73328 193820
459562 708954
835351 119963
317080 926475
73081 831779
24991 494411
977074 448492
176859 859870
407030 508014
196777 992192
112143 290128
390906 304672
51743 721183
584576 550047
822406 195559
686490 274204
631962 29724
749324 115208
114469 641949
372986 845915
704683 89185
861925 998684
757765 689974
980514 734579
200023 737905
820542 182152
653375 138057
833712 217603
189414 99308
556194 597519
544461 703329
912133 912920
110616 85401
611199 638267
607578 871128
509062 204811
781900 202050
654813 69477
796457 743422
118314 801579
719073 849579
461482 549046
422499 754148
283463 515049
664826 465954
86694 124304
519619 153223
711599 581134
577767 81610
626888 515317
587622 7454
87513 643703
552952 971426
400176 775399
97225 240942
894140 728872
547353 647345
438584 877279
50579 187272
88418 526985
731853 394
998238 596759
557209 57239
909956 919857
610880 633453
731258 981484
849055 317399
911389 798392
859650 869724
171113 53614
36541 98871
83238 685354
9108 283012
66995 624195
225761 488836
775822 462897
864067 652211
736662 254737
453223 192437
499676 954135
953777 811861
395326 815833
858975 875316
607448 100823
131788 23678
16280 606981
583827 67538
759559 740596
76384 315543
193158 398175
60159 410249
518439 415489
45703 25096
41567 517190
530777 584996
985557 348938
398000 96440
363473 157071
229251 725479
30823 570554
133644 617666
890600 334591
577663 758434
635433 782694
893340 385942
636184 103303
998356 842075
546644 65329
519707 688039
592229 198849
793584 508081
670227 376669
698030 186366
884662 347857
113949 161743
864677 120237
831301 263503
869547 500937
734277 478080
883739 629748
388209 510820
88181 219418
891817 773122
262429 518855
401506 895939
548289 261742
173219 611902
517245 711148
519460 822895
93290 278655
875613 38874
926826 634055
416604 799259
969332 742547
77178 313964
225574 277350
808951 554550
478551 130670
854329 431502
349508 807215
276501 327375
882022 160091
862075 105896
937436 402511
247277 665846
364280 452807
437750 39377
662085 451749
379759 94204
227900 648361
260535 619639
433019 157490
856104 234672
441322 106782
597637 6228
235492 232704
28837 840351
948010 949004
335493 552590
277174 459432
191174 360745
505991 116050
51913 96469
714127 843132
313057 14943
587138 260880
414721 874739
167737 760627
437436 707546
261973 871590
669903 636404
643859 280608
495078 555282
321532 23824
667506 175760
403651 127803
906214 20513
447806 649934
178669 677383
764193 555986
846795 420942
478665 334548
734621 987633
228816 527575
242421 211847
439045 119828
923004 173544
799273 220475
77227 831270
935054 932960
680184 662959
512749 425164
732350 847045
30687 429519
355431 667232
375567 209902
334437 5226
130102 699167
717816 947974
7690 121607
852110 135721
570904 349557
490965 363836
955001 888941
262816 647125
174870 218082
601087 733002
853453 276365
67362 64165
890695 47638
40955 207
230265 225585
520378 895814
361460 672127
791362 339882
932650 611535
131304 617536
905366 834971
812294 267038
556266 76751
218801 703089
53713 33014
988747 359871
531356 913333
858866 947493
142017 916879
773771 776832
312482 88934
883522 514394
115241 952725
837171 853453
295675 426063
426928 955162
320759 637764
81303 969141
661920 147514
183618 731036
467347 879491
790209 952068
520236 872127
642565 110530
33058 308665
251544 913945
353245 740060
525533 728953
78241 944386
390988 624580
440951 508633
826152 910746
267163 200825
881207 227884
647914 324510
965199 673079
852260 362069
862995 159621
839024 852874
94341 55709
898720 470276
333631 176943
208189 31998
68286 925252
359612 640612
976399 558907
196020 832839
949473 62724
855964 777583
587188 697830
809734 190004
958560 179708
645664 173725
688956 501893
501995 310543
831135 478768
527478 942114
786181 834020
1557 303252
702513 917590
999482 474816
594157 689997
133611 58489
208414 698666
804938 5254
201357 562959
355761 718294
238629 790258
733894 583961
527309 846056
869385 863685
892924 261647
160145 713296
58090 801952
577211 451805
700964 653252
515705 278620
685593 335800
218668 387152
979909 16986
734609 59522
6824 391990
375477 238584
311001 133732
39311 765053
265990 228870
790887 765578
719611 740871
645829 31481
637513 18796
922478 232116
625987 41753
948563 439877
483215 554612
127343 967649
448194 832780
29819 325643
792031 880907
973010 619856
885297 835290
975289 275888
963545 488204
474092 402474
729274 600460
328711 931305
347770 787893
653749 531387
111898 803154
896465 549747
206247 54287
411322 167448
679414 656299
957158 688696
266131 926674
360081 63816
708687 104412
301026 590325
912288 378966
863039 515776
371388 167784
783686 512654
319520 41310
148729 537645
839800 413093
675732 920533
297752 817278
901121 280176
839747 863302
477473 262239
955758 718321
317089 378205
94815 838340
22159 204566
359889 115001
925027 598591
246358 29010
643937 522192
958447 974618
169237 987408
610936 769372
617053 693777
205775 672217
314879 957991
723021 661393
54577 226020
996287 678035
616122 602379
406705 220716
104493 286550
433072 336087
746164 508722
360597 734297
687791 101064
218322 22071
747144 257140
652075 583602
193936 433947
564691 935605
368449 623733
746210 301351
289583 63576
472020 405019
520092 90658
631871 863695
754213 477590
952017 771763
600317 172302
18690 209235
943644 189376
897577 588310
613735 959714
795980 708833
880487 36076
832823 118036
98537 642771
202847 801097
631979 470343
783870 760316
73725 262400
988310 382071
116576 785568
834758 707682
612671 758496
902243 962380
455809 24897
176611 134784
366376 361660
260236 947851
45253 415624
249729 875306
312940 245805
3836 697969
971771 869122
3930 897201
179592 280696
970626 741361
169958 270985
39599 362677
205110 643322
99836 84001
996978 104961
842246 514491
999628 980456
528683 296455
320820 179680
802705 49170
681002 904911
954746 740860
281130 80783
504324 223258
104089 239432
574157 382819
391010 337514
556419 261319
361280 942993
709579 14751
152925 681702
459565 650540
352388 435743
265848 739428
155076 862197
434604 322134
45400 173144
843481 407158
405146 621351
860098 740630
298027 936700
264192 624525
296905 987015
911228 22998
242932 245501
401346 609611
876144 319646
873155 588470
762421 120976
166063 675550
689760 415764
820436 926540
924903 451768
440469 538849
2948 796397
247652 964135
570066 325001
942393 31236
382104 412394
59208 992914
62613 349925
788034 441446
724490 358485
607488 355315
229887 156559
887277 185102
86069 935983
182085 232194
636620 396392
803287 502850
229955 903880
18463 601060
531018 734282
128299 898729
457672 60671
45096 564948
192002 952965
774225 269130
882207 267585
67886 667083
700178 374578
309432 674818
841916 555315
569461 729191
234738 381772
839153 719820
342121 638797
91032 804424
944009 182539
187590 913115
511835 67334
203177 226989
525610 418357
87506 873718
772610 162182
741458 160409
187168 223296
614996 918904
223521 903578
161699 945277
459910 79978
500943 830014
534811 720958
850568 668015
882325 566349
28155 223057
959598 115701
167103 168362
718759 669386
914867 416008
214683 262334
693904 293878
792480 818705
213530 240388
868229 87389
720737 399166
937588 722586
991505 645713
953717 634916
109250 601775
658241 6238
615566 820447
110541 452420
927486 630536
59959 974537
386781 460394
569968 372203
942910 698255
858700 993703
422839 107707
713450 567302
653016 460424
565389 993664
443269 901839
320900 939414
302262 272160
332710 789265
239377 207526
461390 605092
312625 757881
90708 973111
151002 940297
972634 910881
207999 265408
638848 85323
176932 644675
945871 850462
896731 145788
963571 133898
442376 997164
330270 465652
307105 626870
769003 204536
54107 162151
764702 477640
419779 283558
743952 721472
679797 607380
774123 837802
594408 839346
450833 599695
203809 411068
100 830782
296724 32647
958881 496964
586351 441833
582273 262757
881324 926284
874398 411991
742553 524493
228839 46873
581711 870461
382985 78475
970611 684408
49273 434164
353997 837107
972236 428796
640772 71805
802019 677808
445430 406863
173770 271088
84873 44754
489619 285711
651311 504198
45067 323941
221567 119194
646298 542521
850425 19311
59384 633301
823149 594816
760829 155431
240791 571683
749877 282683
564774 76183
819202 905121
378728 218805
864985 400654
909802 23739
629970 999143
890104 877781
288665 48193
198129 788509
241627 607418
242482 917926
707937 438703
756640 894279
257227 364946
331830 578197
422206 296020
829656 520730
744506 993026
636741 835299
513333 162631
389425 589703
952645 111772
800352 969139
683913 946202
108241 419485
790594 299140
505020 141504
762076 716805
84355 434241
729879 870944
489455 683375
104674 535565
977311 49966
391428 829019
572854 112840
992044 163087
367938 127215
285128 826020
40232 540048
872163 660010
37158 677590
626434 613686
216469 201705
591188 815366
352419 958283
417988 463039
480828 739470
4381 581340
41492 369920
385223 292027
250545 695717
102624 458573
814617 692722
817366 988564
93620 648276
751753 419566
732897 517147
698397 757363
159128 640756
604699 451522
848181 611871
152484 981644
705484 284397
127922 193961
478009 236053
120810 390349
910670 738955
32073 550733
111436 757041
493461 129524
230669 956644
84806 902332
968822 518126
467866 964786
848319 829112
3565 9404
21812 12264
733229 693745
622901 523918
264015 12477
667075 708746
27002 467217
904121 490066
931367 321483
738734 99552
289555 314582
760797 319976
986653 252622
35441 360861
595954 17021
90945 939574
824482 365273
766757 298367
797168 31708
837167 904135
461666 133335
602629 140897
758286 52765
195170 930498
773734 130266
524941 853881
404679 500943
533517 652636
502421 142347
234163 864625
737750 224876
647086 256785
164098 977455
231991 956054
380094 209472
190432 314113
782374 257767
338577 545735
351175 167832
311393 219371
797434 524621
407976 514627
924876 953830
306690 519467
323521 902627
542695 231987
334964 470372
462611 267519
879551 53850
930747 814336
192171 51253
857234 798044
145795 894185
844288 742004
719002 284123
33395 89594
539957 276087
358581 842563
281162 816103
169750 973876
985905 245584
509018 156240
298298 172554
733765 335230
731066 734937
611057 562901
943054 27212
553621 79533
213063 687743
499024 473074
390361 586095
193326 629770
572676 758592
10589 719216
709770 48325
721264 27652
486148 257745
85913 548289
626317 376777
980892 594786
813845 272605
676598 200160
788805 782510
646375 167201
419867 881374
199361 859430
309303 507777
906388 152043
965989 333849
448339 430240
227243 102653
715710 134263
123005 626437
630771 348199
603378 174943
382585 678280
655853 220774
831372 881551
326750 186757
376884 867772
136013 272784
445456 39771
667069 753302
394529 372458
947946 761148
990862 907834
182384 841441
366269 622062
17302 171655
251912 386587
575864 336707
958355 620966
5961 746187
821541 599832
258572 913584
854760 641688
450008 829231
231186 710705
652142 975779
542059 746548
800727 766898
357321 560789
770346 180804
115232 647383
930293 924847
836585 643689
716529 496800
857615 266825
835104 319728
856834 877261
124378 128395
940743 245022
585862 346169
547237 682765
475920 399740
501157 456767
450858 649362
978125 822818
181021 241178
740320 710296
67248 905394
724964 868374
906299 318529
707561 980995
51855 610912
282065 2875
303087 270571
31160 588223
299460 913956
263873 906561
291294 361335
719197 466235
115175 988523
174760 785739
348150 68691
608139 5993
593864 393340
215809 950003
124090 6286
311005 165564
190366 658874
20311 902360
93723 242993
635204 40445
216779 373527
450365 140067
495523 790364
197723 691991
128353 249689
428943 325596
130248 802062
711678 311881
857745 116920
368885 145482
136724 795148
215122 710205
331877 789655
324017 206933
492060 843449
807497 652443
766311 793016
489099 844389
181290 269594
378987 483091
606776 284190
840575 434894
842680 113640
736784 209546
232277 685361
903578 939396
325565 284949
354004 660279
311100 119744
680840 335666
585184 458447
261464 511116
85685 728858
705209 285508
237199 107407
51341 689614
721613 701493
806932 15365
299019 414872
670376 750249
321635 951520
118103 300422
495617 197433
862047 991825
105133 573501
382282 418737
568258 369207
634520 344842
752607 279544
30200 68596
939083 722947
360187 563245
115397 418871
977856 743386
262951 948000
290528 557721
723151 171866
967810 387342
597146 916633
574976 651972
715178 985860
675225 390548
48910 669865
754897 760929
741900 974576
356283 168817
773775 101087
769067 11245
449865 828422
169376 766248
38403 977887
130480 578984
60489 614111
715767 46279
470215 452384
514276 634464
965737 778955
406609 170143
660231 442657
369332 139024
560842 543484
247690 423718
24195 544554
715636 164325
542586 351559
402649 473254
180508 905146
822010 459866
198097 645038
998753 931210
28457 184044
147943 270471
321540 393596
827092 912141
338279 985062
384266 497233
862086 511159
813792 915872
296489 695515
236715 971176
507903 870562
814171 948885
105417 864317
284652 171015
880351 831639
398003 41769
50204 606912
525848 615166
922303 104509
519363 756194
299959 372768
330554 510996
679408 43027
105827 76449
347839 123364
1695 526689
618981 878072
223426 104813
306135 252121
389064 241323
950823 627955
142525 557712
786581 247824
319968 306996
280094 811886
621938 708313
711256 488970
566548 230393
53810 269807
953857 640635
297930 186204
454954 736936
219921 11518
271661 781703
379806 232582
913151 100545
898775 539732
291254 488828
854546 946712
519620 356113
673208 660131
750026 268380
561769 758697
221189 298891
361738 825635
746918 855156
931402 204018
461553 772432
452774 394467
520608 28053
302971 568794
33806 496702
897554 998109
286391 569477
228344 33239
623592 892594
787422 112607
95453 333047
600880 455531
505290 801292
41050 318772
66397 819270
146716 173997
602089 677492
43795 235282
579103 799072
553902 783071
578957 309147
487462 498712
861968 431108
277633 504987
475018 455838
580303 116525
196179 966566
85313 422241
397591 413274
863498 755044
26487 608952
732888 223837
844981 880752
487 839730
35711 378112
8089 184188
896385 791870
257372 812131
367343 333801
41696 153815
758587 758613
168821 243014
493958 418585
688891 155879
373137 168524
614275 868686
87302 489618
370236 187774
939203 37623
942928 620225
416638 671067
990791 837627
147302 228555
524609 121553
498264 788209
729007 551476
428275 831647
970534 478444
36971 992175
396836 991614
844271 19152
900145 115151
896944 481222
897116 703538
110990 784951
998842 574074
331691 869255
201048 440396
502158 90206
310153 258062
234620 201763
891850 95288
741927 963239
266743 524154
622287 745815
398740 197678
680575 37022
948341 485380
177052 97673
35397 200932
450930 30959
934637 936974
827809 439468
465611 390730
19096 97460
724678 256295
769639 150562
303817 415448
174582 29227
505972 593758
154034 66043
66921 19903
382368 828063
864786 858144
811159 479767
168621 738443
741543 54727
686824 361381
68078 883267
839247 35135
191161 151226
271180 124658
479527 118155
581248 455518
820046 798070
276591 686035
688432 270208
