87
17 18
69 68
32 33
5 6
61 60
57 56
73 74
15 16
54 55
8 9
66 67
23 24
30 29
52 53
73 72
58 59
39 40
13 14
72 71
54 53
1 2
5 4
17 16
4 3
71 70
76 75
45 44
48 49
45 46
47 46
84 83
27 28
50 51
78 77
32 31
87 86
59 60
25 26
47 48
79 78
61 62
7 6
67 68
37 38
77 76
33 34
8 7
3 2
19 18
30 31
79 80
27 26
69 70
82 83
34 35
29 28
66 65
49 50
75 74
42 41
9 10
36 37
12 11
44 43
64 65
63 62
10 11
38 39
57 58
42 43
80 81
12 13
36 35
21 22
23 22
40 41
84 85
19 20
64 63
55 56
86 85
82 81
15 14
21 20
52 51
24 25
